Date, Humidity (%), Temperature (°C), Light (lux), Soil Moisture, Humidity Purcentage (%)
January 14 2025 14:20:37, 0.594411, 6.443977, 1802.649536, 1643, 1.000000
January 14 2025 14:20:41, 0.595205, 6.467819, 1863.475220, 1629, 1.000000
January 14 2025 14:20:43, 0.595527, 6.454659, 1859.788818, 1649, 1.000000
January 14 2025 14:20:47, 0.595946, 6.435204, 1851.494385, 1632, 1.000000
January 14 2025 14:20:50, 0.595344, 6.436920, 1855.180786, 1641, 1.000000
January 14 2025 14:20:54, 0.596389, 6.440353, 1860.710327, 1669, 1.000000
January 14 2025 14:20:56, 0.597146, 6.428337, 1858.406372, 1639, 1.000000
January 14 2025 14:21:00, 0.597962, 6.421089, 1889.279907, 1637, 1.000000
January 14 2025 14:21:02, 0.598463, 6.439972, 1866.700806, 1607, 1.000000
January 14 2025 14:21:17, 0.593740, 6.394577, 1792.511963, 1645, 1.000000
January 14 2025 14:21:19, 0.592703, 6.393433, 1807.257568, 1648, 1.000000
January 14 2025 14:21:22, 0.591383, 6.385231, 1805.414429, 1658, 1.000000
January 14 2025 14:21:25, 0.590587, 6.389618, 1813.247925, 1614, 1.000000
January 14 2025 14:21:29, 0.589755, 6.340981, 1900.799927, 1607, 1.000000
January 14 2025 14:21:31, 0.589307, 6.368828, 1898.956787, 1613, 1.000000
January 14 2025 14:21:35, 0.588979, 6.374741, 1898.956787, 1616, 1.000000
January 14 2025 14:21:37, 0.587774, 6.369209, 1899.417603, 1625, 1.000000
January 14 2025 14:21:41, 0.587391, 6.357002, 1901.260742, 1627, 1.000000
January 14 2025 14:21:43, 0.587655, 6.365585, 1902.182373, 1638, 1.000000
January 14 2025 14:21:47, 0.585966, 6.339073, 1901.721558, 1630, 1.000000
January 14 2025 14:21:49, 0.586317, 6.351852, 1904.025513, 1634, 1.000000
January 14 2025 14:21:53, 0.585442, 6.345367, 1906.790405, 1625, 1.000000
January 14 2025 14:21:55, 0.585137, 6.339455, 1906.329590, 1635, 1.000000
January 14 2025 14:21:59, 0.583442, 6.331253, 1906.790405, 1615, 1.000000
January 14 2025 14:22:01, 0.582823, 6.323433, 1904.947144, 1641, 1.000000
January 14 2025 14:22:05, 0.581957, 6.326103, 1907.711914, 1611, 1.000000
January 14 2025 14:22:07, 0.581706, 6.335449, 1907.251221, 1639, 1.000000
January 14 2025 14:22:11, 0.580929, 6.288719, 1910.476807, 1600, 1.000000
January 14 2025 14:22:13, 0.581550, 6.296921, 1904.947144, 1611, 1.000000
January 14 2025 14:22:18, 0.582822, 6.305122, 1903.564819, 1614, 1.000000
January 14 2025 14:22:31, 0.587060, 6.299591, 1869.465576, 1618, 1.000000
January 14 2025 14:22:35, 0.587559, 6.263733, 1841.817627, 1604, 1.000000
January 14 2025 14:22:38, 0.587013, 6.276894, 1842.739136, 1613, 1.000000
January 14 2025 14:22:41, 0.586254, 6.264114, 1818.777588, 1616, 1.000000
January 14 2025 14:22:55, 0.583123, 6.232643, 1857.484741, 1637, 1.000000
January 14 2025 14:22:58, 0.582981, 6.230545, 1868.543945, 1621, 1.000000
January 14 2025 14:23:12, 0.580969, 6.207466, 1880.063965, 1595, 1.000000
January 14 2025 14:23:16, 0.580227, 6.202126, 1899.878418, 1630, 1.000000
January 14 2025 14:23:18, 0.580310, 6.244087, 1901.721558, 1627, 1.000000
January 14 2025 14:23:22, 0.580578, 6.204224, 1892.505615, 1609, 1.000000
January 14 2025 14:23:24, 0.580350, 6.216049, 1894.809570, 1619, 1.000000
January 14 2025 14:23:27, 0.580049, 6.230545, 1899.417603, 1622, 1.000000
January 14 2025 14:23:29, 0.579767, 6.201935, 1902.643188, 1616, 1.000000
January 14 2025 14:23:33, 0.578627, 6.215286, 1851.955200, 1603, 1.000000
January 14 2025 14:23:35, 0.579079, 6.207848, 1897.113525, 1625, 1.000000
January 14 2025 14:23:38, 0.579700, 6.193542, 1898.956787, 1616, 1.000000
January 14 2025 14:23:40, 0.579311, 6.209373, 1890.201538, 1613, 1.000000
January 14 2025 14:23:44, 0.579420, 6.203461, 1920.614380, 1617, 1.000000
January 14 2025 14:23:46, 0.579641, 6.233406, 1922.918335, 1638, 1.000000
January 14 2025 14:23:50, 0.581129, 6.179047, 1896.192017, 1625, 1.000000
January 14 2025 14:23:52, 0.581861, 6.202126, 1882.367920, 1616, 1.000000
January 14 2025 14:23:55, 0.584095, 6.228065, 1911.859131, 1617, 1.000000
January 14 2025 14:23:57, 0.584403, 6.189728, 1912.780762, 1627, 1.000000
January 14 2025 14:24:01, 0.586033, 6.197929, 1906.329590, 1640, 1.000000
January 14 2025 14:24:03, 0.588344, 6.222343, 1892.044800, 1646, 1.000000
January 14 2025 14:24:08, 0.590952, 6.220245, 1930.291138, 1627, 1.000000
January 14 2025 14:24:09, 0.592346, 6.239128, 1890.662354, 1647, 1.000000
January 14 2025 14:24:13, 0.594061, 6.177139, 1898.495972, 1645, 1.000000
January 14 2025 14:24:15, 0.594409, 6.214142, 1917.388794, 1622, 1.000000
January 14 2025 14:24:19, 0.595150, 6.226349, 1921.075195, 1595, 1.000000
January 14 2025 14:24:21, 0.594748, 6.245041, 1944.575928, 1638, 1.000000
January 14 2025 14:24:40, 0.593957, 6.227112, 1931.212769, 1619, 1.000000
January 14 2025 14:24:43, 0.592592, 6.240463, 1934.438354, 1627, 1.000000
January 14 2025 14:24:47, 0.590115, 6.225204, 2010.009521, 1625, 1.000000
January 14 2025 14:24:49, 0.589060, 6.229591, 2005.401611, 1610, 1.000000
January 14 2025 14:24:54, 0.587649, 6.241608, 1990.195190, 1613, 1.000000
January 14 2025 14:25:07, 0.585304, 6.268120, 2086.502441, 1667, 1.000000
January 14 2025 14:25:11, 0.585302, 6.258774, 1984.665527, 1618, 1.000000
January 14 2025 14:25:13, 0.586061, 6.282234, 1977.292725, 1619, 1.000000
January 14 2025 14:25:17, 0.586108, 6.267357, 2115.532715, 1595, 1.000000
January 14 2025 14:25:19, 0.586926, 6.291389, 2114.150391, 1633, 1.000000
January 14 2025 14:25:23, 0.587538, 6.309891, 2090.649658, 1615, 1.000000
January 14 2025 14:25:25, 0.587412, 6.291389, 1986.969604, 1606, 1.000000
January 14 2025 14:25:28, 0.587635, 6.300926, 1979.596802, 1616, 1.000000
January 14 2025 14:25:31, 0.588023, 6.334877, 1983.283203, 1611, 1.000000
January 14 2025 14:25:35, 0.587819, 6.314468, 2033.510376, 1632, 1.000000
January 14 2025 14:25:37, 0.587967, 6.339645, 2042.726318, 1626, 1.000000
January 14 2025 14:25:40, 0.588055, 6.354332, 1955.635132, 1629, 1.000000
January 14 2025 14:25:42, 0.587285, 6.339264, 1926.604736, 1600, 1.000000
January 14 2025 14:25:47, 0.586320, 6.360054, 2032.588745, 1621, 1.000000
January 14 2025 14:25:49, 0.585871, 6.366158, 2042.265625, 1605, 1.000000
January 14 2025 14:25:53, 0.585366, 6.362343, 2068.531250, 1597, 1.000000
January 14 2025 14:25:56, 0.585989, 6.376457, 1948.262329, 1630, 1.000000
January 14 2025 14:26:00, 0.585909, 6.377220, 1946.419189, 1621, 1.000000
January 14 2025 14:26:02, 0.584860, 6.381798, 1942.732788, 1616, 1.000000
January 14 2025 14:26:06, 0.584376, 6.391525, 1942.271973, 1605, 1.000000
January 14 2025 14:26:08, 0.583616, 6.379700, 1936.742310, 1613, 1.000000
January 14 2025 14:26:11, 0.583473, 6.396294, 1925.222412, 1626, 1.000000
January 14 2025 14:26:13, 0.583465, 6.404305, 1939.046387, 1588, 1.000000
January 14 2025 14:26:17, 0.583848, 6.421280, 1914.163208, 1606, 1.000000
January 14 2025 14:26:19, 0.583847, 6.432724, 1909.094360, 1600, 1.000000
January 14 2025 14:26:24, 0.583489, 6.410217, 2021.990356, 1629, 1.000000
January 14 2025 14:26:26, 0.583722, 6.439781, 2015.539185, 1625, 1.000000
January 14 2025 14:26:30, 0.584792, 6.429863, 1917.388794, 1591, 1.000000
January 14 2025 14:26:32, 0.585441, 6.431007, 1915.545532, 1612, 1.000000
January 14 2025 14:26:36, 0.587475, 6.430054, 1910.476807, 1634, 1.000000
January 14 2025 14:26:38, 0.588431, 6.456184, 1915.084717, 1626, 1.000000
January 14 2025 14:26:42, 0.588958, 6.451416, 1896.192017, 1613, 1.000000
January 14 2025 14:26:44, 0.588170, 6.455612, 1897.574341, 1631, 1.000000
January 14 2025 14:26:48, 0.587921, 6.463623, 1908.633545, 1604, 1.000000
January 14 2025 14:27:01, 0.588975, 6.471443, 1909.094360, 1603, 1.000000
January 14 2025 14:27:05, 0.589044, 6.481552, 1920.153564, 1611, 1.000000
January 14 2025 14:27:07, 0.587853, 6.470871, 1910.937622, 1581, 1.000000
January 14 2025 14:27:12, 0.587609, 6.460762, 1917.388794, 1614, 1.000000
January 14 2025 14:27:14, 0.587787, 6.479645, 1916.467163, 1648, 1.000000
January 14 2025 14:27:17, 0.587030, 6.485939, 1923.839966, 1610, 1.000000
January 14 2025 14:27:19, 0.587459, 6.475830, 1916.006348, 1622, 1.000000
January 14 2025 14:27:23, 0.587542, 6.477356, 1915.084717, 1648, 1.000000
January 14 2025 14:27:25, 0.587229, 6.492805, 1916.467163, 1638, 1.000000
January 14 2025 14:27:29, 0.586276, 6.480408, 1916.467163, 1635, 1.000000
January 14 2025 14:27:31, 0.585284, 6.488800, 1911.859131, 1643, 1.000000
January 14 2025 14:27:35, 0.582784, 6.478691, 1916.006348, 1600, 1.000000
January 14 2025 14:27:37, 0.581625, 6.470490, 1920.153564, 1617, 1.000000
January 14 2025 14:27:42, 0.579715, 6.494331, 1926.604736, 1600, 1.000000
January 14 2025 14:27:44, 0.579090, 6.498528, 1934.899170, 1602, 1.000000
January 14 2025 14:27:48, 0.578322, 6.491089, 1880.524780, 1629, 1.000000
January 14 2025 14:27:51, 0.578241, 6.507301, 1899.878418, 1627, 1.000000
January 14 2025 14:27:55, 0.578097, 6.496429, 1900.339111, 1590, 1.000000
January 14 2025 14:28:09, 0.578439, 6.519508, 1904.025513, 1597, 1.000000
January 14 2025 14:28:14, 0.579361, 6.505394, 1900.799927, 1620, 1.000000
January 14 2025 14:28:16, 0.579682, 6.507111, 1899.878418, 1598, 1.000000
January 14 2025 14:28:20, 0.579799, 6.492615, 1903.564819, 1630, 1.000000
January 14 2025 14:28:22, 0.580128, 6.509399, 1910.476807, 1648, 1.000000
January 14 2025 14:28:26, 0.578467, 6.486320, 1897.113525, 1611, 1.000000
January 14 2025 14:28:28, 0.577362, 6.521988, 1898.035156, 1627, 1.000000
January 14 2025 14:28:32, 0.577253, 6.498337, 1896.652710, 1621, 1.000000
January 14 2025 14:28:33, 0.577075, 6.501961, 1897.113525, 1604, 1.000000
January 14 2025 14:28:38, 0.577655, 6.508636, 1891.123169, 1616, 1.000000
January 14 2025 14:28:40, 0.578121, 6.481171, 1921.536011, 1648, 1.000000
January 14 2025 14:28:43, 0.577291, 6.503868, 1938.124756, 1602, 1.000000
January 14 2025 14:28:46, 0.576978, 6.514168, 1943.193604, 1616, 1.000000
January 14 2025 14:28:50, 0.577033, 6.521034, 1933.516724, 1607, 1.000000
January 14 2025 14:28:52, 0.576118, 6.516266, 1932.595215, 1613, 1.000000
January 14 2025 14:28:56, 0.574351, 6.520271, 1932.595215, 1629, 1.000000
January 14 2025 14:28:58, 0.573389, 6.499672, 1931.673584, 1600, 1.000000
January 14 2025 14:29:02, 0.574044, 6.497383, 1930.291138, 1623, 1.000000
January 14 2025 14:29:04, 0.573773, 6.519127, 1930.751953, 1634, 1.000000
January 14 2025 14:29:08, 0.574072, 6.492233, 1933.055908, 1616, 1.000000
January 14 2025 14:29:10, 0.574665, 6.517982, 1929.369507, 1649, 1.000000
January 14 2025 14:29:14, 0.573600, 6.517220, 1957.478394, 1603, 1.000000
January 14 2025 14:29:16, 0.573988, 6.502914, 1963.929565, 1622, 1.000000
January 14 2025 14:29:20, 0.573402, 6.510735, 1978.214355, 1593, 1.000000
January 14 2025 14:29:22, 0.573012, 6.514359, 2000.793579, 1589, 1.000000
January 14 2025 14:29:26, 0.571958, 6.511688, 2005.862305, 1606, 1.000000
January 14 2025 14:29:27, 0.571475, 6.506157, 1986.969604, 1605, 1.000000
January 14 2025 14:29:31, 0.570366, 6.506920, 1958.400024, 1604, 1.000000
January 14 2025 14:29:33, 0.569900, 6.524277, 1958.860718, 1584, 1.000000
January 14 2025 14:29:37, 0.568438, 6.511116, 1962.086426, 1601, 1.000000
January 14 2025 14:29:39, 0.567660, 6.494904, 1958.860718, 1597, 1.000000
January 14 2025 14:29:43, 0.566895, 6.490898, 1958.860718, 1595, 1.000000
January 14 2025 14:29:44, 0.566319, 6.496239, 1957.939209, 1597, 1.000000
January 14 2025 14:29:48, 0.565631, 6.495285, 1959.782349, 1618, 1.000000
January 14 2025 14:29:50, 0.565528, 6.482887, 1957.939209, 1619, 1.000000
January 14 2025 14:29:54, 0.563909, 6.472588, 1959.321533, 1644, 1.000000
January 14 2025 14:29:55, 0.563951, 6.501198, 1956.095947, 1617, 1.000000
January 14 2025 14:29:59, 0.562956, 6.481552, 1953.331177, 1613, 1.000000
January 14 2025 14:30:01, 0.562403, 6.488991, 1953.791992, 1601, 1.000000
January 14 2025 14:30:05, 0.561330, 6.501770, 1949.644775, 1615, 1.000000
January 14 2025 14:30:07, 0.561299, 6.491852, 1947.340820, 1635, 1.000000
January 14 2025 14:30:12, 0.560913, 6.466675, 1947.340820, 1675, 1.000000
January 14 2025 14:30:14, 0.560702, 6.486702, 1946.880005, 1621, 1.000000
January 14 2025 14:30:18, 0.561809, 6.470490, 1944.575928, 1584, 1.000000
January 14 2025 14:30:20, 0.561912, 6.488419, 1945.036743, 1623, 1.000000
January 14 2025 14:30:24, 0.562964, 6.483841, 1941.350342, 1638, 1.000000
January 14 2025 14:30:26, 0.562736, 6.506348, 1939.046387, 1621, 1.000000
January 14 2025 14:30:30, 0.564374, 6.484985, 1938.585571, 1621, 1.000000
January 14 2025 14:30:32, 0.567296, 6.484222, 1934.438354, 1623, 1.000000
January 14 2025 14:30:35, 0.569095, 6.477356, 1932.595215, 1535, 1.000000
January 14 2025 14:30:37, 0.570644, 6.469727, 1932.595215, 1621, 1.000000
January 14 2025 14:30:41, 0.571564, 6.479263, 1933.516724, 1612, 1.000000
January 14 2025 14:30:43, 0.571621, 6.480980, 1932.134399, 1663, 1.000000
January 14 2025 14:30:47, 0.573373, 6.474113, 1931.673584, 1615, 1.000000
January 14 2025 14:30:49, 0.573776, 6.468010, 1932.595215, 1600, 1.000000
January 14 2025 14:30:53, 0.575003, 6.481934, 1926.143921, 1610, 1.000000
January 14 2025 14:30:56, 0.575130, 6.470299, 1927.526367, 1616, 1.000000
January 14 2025 14:30:59, 0.576037, 6.459999, 1925.683228, 1643, 1.000000
January 14 2025 14:31:01, 0.576163, 6.478119, 1924.761597, 1616, 1.000000
January 14 2025 14:31:05, 0.574993, 6.475067, 1927.987183, 1635, 1.000000
January 14 2025 14:31:07, 0.575172, 6.492424, 1922.457520, 1581, 1.000000
January 14 2025 14:31:11, 0.574453, 6.483459, 1922.918335, 1584, 1.000000
January 14 2025 14:31:12, 0.574391, 6.469536, 1924.300781, 1613, 1.000000
January 14 2025 14:31:16, 0.575561, 6.457710, 1924.300781, 1616, 1.000000
January 14 2025 14:31:18, 0.575414, 6.466103, 1923.839966, 1638, 1.000000
January 14 2025 14:31:22, 0.577266, 6.477165, 1921.536011, 1596, 1.000000
January 14 2025 14:31:24, 0.577862, 6.451225, 1919.231934, 1600, 1.000000
January 14 2025 14:31:28, 0.579917, 6.474113, 1920.153564, 1616, 1.000000
January 14 2025 14:31:30, 0.581156, 6.469154, 1921.996826, 1627, 1.000000
January 14 2025 14:31:34, 0.583855, 6.466484, 1918.310425, 1600, 1.000000
January 14 2025 14:31:35, 0.584998, 6.452179, 1921.996826, 1588, 1.000000
January 14 2025 14:31:40, 0.585418, 6.452751, 1912.780762, 1590, 1.000000
January 14 2025 14:31:42, 0.585896, 6.475258, 1913.241577, 1582, 1.000000
January 14 2025 14:31:45, 0.586986, 6.443787, 1919.692749, 1594, 1.000000
January 14 2025 14:31:47, 0.587515, 6.461906, 1920.614380, 1630, 1.000000
January 14 2025 14:31:51, 0.589231, 6.446838, 1914.163208, 1600, 1.000000
January 14 2025 14:31:53, 0.589738, 6.448364, 1913.241577, 1585, 1.000000
January 14 2025 14:31:58, 0.590356, 6.440926, 1914.624023, 1599, 1.000000
January 14 2025 14:32:00, 0.590649, 6.454468, 1912.780762, 1616, 1.000000
January 14 2025 14:32:03, 0.591739, 6.439590, 1913.702393, 1606, 1.000000
January 14 2025 14:32:06, 0.591785, 6.444168, 1909.555176, 1600, 1.000000
January 14 2025 14:32:09, 0.592006, 6.434822, 1903.104004, 1579, 1.000000
January 14 2025 14:32:11, 0.591932, 6.431770, 1905.407959, 1618, 1.000000
January 14 2025 14:32:15, 0.590747, 6.433487, 1909.094360, 1639, 1.000000
January 14 2025 14:32:17, 0.590278, 6.425095, 1902.643188, 1602, 1.000000
January 14 2025 14:32:21, 0.590135, 6.423759, 1911.398315, 1603, 1.000000
January 14 2025 14:32:24, 0.590364, 6.415749, 1911.398315, 1617, 1.000000
January 14 2025 14:32:28, 0.589766, 6.418991, 1903.564819, 1606, 1.000000
January 14 2025 14:32:29, 0.590064, 6.425476, 1902.182373, 1600, 1.000000
January 14 2025 14:32:33, 0.592772, 6.402779, 1903.104004, 1561, 1.000000
January 14 2025 14:32:35, 0.594366, 6.430244, 1900.799927, 1593, 1.000000
January 14 2025 14:32:39, 0.596425, 6.385040, 1897.574341, 1626, 1.000000
January 14 2025 14:32:41, 0.597610, 6.413841, 1896.192017, 1646, 1.000000
January 14 2025 14:32:45, 0.596915, 6.378365, 1900.799927, 1619, 1.000000
January 14 2025 14:32:47, 0.594758, 6.369209, 1900.339111, 1633, 1.000000
January 14 2025 14:32:51, 0.593116, 6.340981, 1897.574341, 1614, 1.000000
January 14 2025 14:32:54, 0.592259, 6.340218, 1900.799927, 1619, 1.000000
January 14 2025 14:32:57, 0.591496, 6.354332, 1894.809570, 1632, 1.000000
January 14 2025 14:33:00, 0.590809, 6.370354, 1890.201538, 1619, 1.000000
January 14 2025 14:33:03, 0.589977, 6.342316, 1882.828735, 1616, 1.000000
January 14 2025 14:33:05, 0.590374, 6.336975, 1882.367920, 1571, 1.000000
January 14 2025 14:33:09, 0.590565, 6.318665, 1883.750366, 1625, 1.000000
January 14 2025 14:33:11, 0.590588, 6.348228, 1886.515137, 1616, 1.000000
January 14 2025 14:33:15, 0.591211, 6.348610, 1882.828735, 1602, 1.000000
January 14 2025 14:33:17, 0.590290, 6.318474, 1882.828735, 1577, 1.000000
January 14 2025 14:33:21, 0.590044, 6.318665, 1880.985596, 1535, 1.000000
January 14 2025 14:33:22, 0.589724, 6.331444, 1881.446411, 1607, 1.000000
January 14 2025 14:33:26, 0.591186, 6.329727, 1880.524780, 1594, 1.000000
January 14 2025 14:33:28, 0.592556, 6.330109, 1879.603149, 1601, 1.000000
January 14 2025 14:33:32, 0.593192, 6.323814, 1877.299194, 1603, 1.000000
January 14 2025 14:33:34, 0.594226, 6.310081, 1877.760010, 1613, 1.000000
January 14 2025 14:33:37, 0.593701, 6.278610, 1884.211182, 1605, 1.000000
January 14 2025 14:33:39, 0.593763, 6.296349, 1886.975952, 1621, 1.000000
January 14 2025 14:33:43, 0.593794, 6.287956, 1884.671997, 1582, 1.000000
January 14 2025 14:33:45, 0.594625, 6.318283, 1884.671997, 1610, 1.000000
January 14 2025 14:33:49, 0.594997, 6.280899, 1886.054321, 1601, 1.000000
January 14 2025 14:33:51, 0.595662, 6.289864, 1887.897583, 1581, 1.000000
January 14 2025 14:33:55, 0.596289, 6.296730, 1887.897583, 1619, 1.000000
January 14 2025 14:33:57, 0.597341, 6.288719, 1883.750366, 1574, 1.000000
January 14 2025 14:34:01, 0.599808, 6.287003, 1877.760010, 1595, 1.000000
January 14 2025 14:34:03, 0.599782, 6.275749, 1876.838379, 1616, 1.000000
January 14 2025 14:34:07, 0.601810, 6.273842, 1897.113525, 1607, 1.000000
January 14 2025 14:34:09, 0.603582, 6.281853, 1856.102417, 1601, 1.000000
January 14 2025 14:34:13, 0.602242, 6.282616, 1822.003174, 1607, 1.000000
January 14 2025 14:34:15, 0.601699, 6.299019, 1834.444824, 1607, 1.000000
January 14 2025 14:34:18, 0.601418, 6.268120, 1797.119995, 1575, 1.000000
January 14 2025 14:34:21, 0.601237, 6.268120, 1793.894409, 1535, 1.000000
January 14 2025 14:34:25, 0.600604, 6.236458, 1809.100708, 1599, 1.000000
January 14 2025 14:34:27, 0.600285, 6.241989, 1797.580811, 1605, 1.000000
January 14 2025 14:34:31, 0.598700, 6.250000, 1791.590332, 1602, 1.000000
January 14 2025 14:34:33, 0.598364, 6.233978, 1810.022339, 1619, 1.000000
January 14 2025 14:34:37, 0.598198, 6.229973, 1825.228760, 1586, 1.000000
January 14 2025 14:34:39, 0.597986, 6.212997, 1825.228760, 1616, 1.000000
January 14 2025 14:34:43, 0.597541, 6.202507, 1827.072021, 1615, 1.000000
January 14 2025 14:34:45, 0.597380, 6.218147, 1823.846313, 1584, 1.000000
January 14 2025 14:34:49, 0.595951, 6.208038, 1823.846313, 1602, 1.000000
January 14 2025 14:34:51, 0.595318, 6.215477, 1822.003174, 1583, 1.000000
January 14 2025 14:34:54, 0.594376, 6.203651, 1842.739136, 1591, 1.000000
January 14 2025 14:34:56, 0.593685, 6.201172, 1844.121582, 1617, 1.000000
January 14 2025 14:35:00, 0.594058, 6.209183, 1849.651123, 1611, 1.000000
January 14 2025 14:35:02, 0.594517, 6.211281, 1848.729614, 1569, 1.000000
January 14 2025 14:35:06, 0.593478, 6.221390, 1845.504028, 1602, 1.000000
January 14 2025 14:35:08, 0.593702, 6.204605, 1851.955200, 1597, 1.000000
January 14 2025 14:35:12, 0.594047, 6.199646, 1798.041626, 1618, 1.000000
January 14 2025 14:35:14, 0.593856, 6.183434, 1777.305542, 1622, 1.000000
January 14 2025 14:35:19, 0.593762, 6.174278, 1785.599976, 1619, 1.000000
January 14 2025 14:35:21, 0.593707, 6.194305, 1768.089600, 1589, 1.000000
January 14 2025 14:35:26, 0.593778, 6.177139, 1850.111938, 1644, 1.000000
January 14 2025 14:35:28, 0.593098, 6.194878, 1850.572754, 1616, 1.000000
January 14 2025 14:35:48, 0.588723, 6.159973, 1850.111938, 1590, 1.000000
January 14 2025 14:35:50, 0.588553, 6.175232, 1854.259155, 1615, 1.000000
January 14 2025 14:35:54, 0.587216, 6.171989, 1855.180786, 1643, 1.000000
January 14 2025 14:35:56, 0.586871, 6.172943, 1851.033569, 1595, 1.000000
January 14 2025 14:35:59, 0.588109, 6.176376, 1856.102417, 1615, 1.000000
January 14 2025 14:36:01, 0.588375, 6.153870, 1851.955200, 1606, 1.000000
January 14 2025 14:36:05, 0.588877, 6.168938, 1854.259155, 1598, 1.000000
January 14 2025 14:36:07, 0.588512, 6.149292, 1854.719971, 1603, 1.000000
January 14 2025 14:36:10, 0.588484, 6.154442, 1859.328003, 1584, 1.000000
January 14 2025 14:36:13, 0.589757, 6.156540, 1849.651123, 1587, 1.000000
January 14 2025 14:36:17, 0.590546, 6.176186, 1910.015991, 1623, 1.000000
January 14 2025 14:36:19, 0.591260, 6.140518, 1896.192017, 1616, 1.000000
January 14 2025 14:36:23, 0.594522, 6.162071, 1896.192017, 1602, 1.000000
January 14 2025 14:36:25, 0.596971, 6.163979, 1892.966309, 1616, 1.000000
January 14 2025 14:36:30, 0.600984, 6.165314, 1886.515137, 1594, 1.000000
January 14 2025 14:36:32, 0.601656, 6.164169, 1885.132812, 1616, 1.000000
January 14 2025 14:36:36, 0.602796, 6.166077, 1898.956787, 1616, 1.000000
January 14 2025 14:36:38, 0.603221, 6.173134, 1893.427124, 1632, 1.000000
January 14 2025 14:36:41, 0.602751, 6.166649, 1894.348755, 1601, 1.000000
January 14 2025 14:36:43, 0.602602, 6.155205, 1895.731201, 1661, 1.000000
January 14 2025 14:36:47, 0.601756, 6.156921, 1893.427124, 1620, 1.000000
January 14 2025 14:36:49, 0.601965, 6.174660, 1893.427124, 1618, 1.000000
January 14 2025 14:36:53, 0.601771, 6.152344, 1895.731201, 1624, 1.000000
January 14 2025 14:36:55, 0.600367, 6.147957, 1884.671997, 1620, 1.000000
January 14 2025 14:36:59, 0.598458, 6.167793, 1877.760010, 1637, 1.000000
January 14 2025 14:37:01, 0.597917, 6.148720, 1874.995117, 1627, 1.000000
January 14 2025 14:37:06, 0.597433, 6.153870, 1892.505615, 1623, 1.000000
January 14 2025 14:37:08, 0.596723, 6.133842, 1893.887939, 1590, 1.000000
January 14 2025 14:37:12, 0.595325, 6.120491, 1887.897583, 1609, 1.000000
January 14 2025 14:37:14, 0.595605, 6.147194, 1931.673584, 1622, 1.000000
January 14 2025 14:37:18, 0.594604, 6.161308, 1894.809570, 1650, 1.000000
January 14 2025 14:37:20, 0.594503, 6.149864, 1897.574341, 1648, 1.000000
January 14 2025 14:37:24, 0.595757, 6.147575, 1884.211182, 1639, 1.000000
January 14 2025 14:37:27, 0.596270, 6.141663, 1883.750366, 1650, 1.000000
January 14 2025 14:37:31, 0.597003, 6.137085, 1896.652710, 1648, 1.000000
January 14 2025 14:37:33, 0.597042, 6.140137, 1895.270386, 1609, 1.000000
January 14 2025 14:37:37, 0.597142, 6.133270, 1870.387207, 1591, 1.000000
January 14 2025 14:37:54, 0.589264, 6.110382, 1859.788818, 1669, 1.000000
January 14 2025 14:37:58, 0.588433, 6.117821, 1873.151978, 1641, 1.000000
January 14 2025 14:38:01, 0.588434, 6.114388, 1870.848022, 1636, 1.000000
January 14 2025 14:38:05, 0.588473, 6.110191, 1875.455933, 1631, 1.000000
January 14 2025 14:38:08, 0.589471, 6.139183, 1874.995117, 1644, 1.000000
