Date, Humidity (%), Temperature (°C), Soil Moisture (%), Humidity Purcentage (%)
March 01 2025 07:46:00, 50.418854, 20.221519, 3551, 1.164179
March 01 2025 08:47:16, 49.496746, 9.056282, 3136, 13.552238
March 01 2025 08:48:17, 48.847866, 8.928871, 1107, 74.119400
March 01 2025 08:49:17, 48.309994, 8.987236, 994, 77.492538
March 01 2025 08:50:17, 47.884750, 9.244156, 975, 78.059700
March 01 2025 08:51:17, 47.630024, 9.521294, 1023, 76.626869
March 01 2025 08:52:18, 46.816921, 9.877396, 969, 78.238808
March 01 2025 08:53:18, 46.208858, 10.175896, 1014, 76.895523
March 01 2025 08:54:18, 45.781612, 10.416222, 959, 78.537315
March 01 2025 08:55:18, 45.301247, 10.784149, 978, 77.970146
March 01 2025 08:56:18, 44.716549, 11.032104, 962, 78.447762
March 01 2025 08:57:19, 44.258022, 11.215019, 935, 79.253731
March 01 2025 08:58:19, 43.819237, 11.444664, 935, 79.253731
March 01 2025 08:59:19, 43.158054, 11.670113, 933, 79.313431
March 01 2025 09:00:19, 42.122746, 11.844826, 944, 78.985077
March 01 2025 09:01:20, 41.535091, 12.168503, 983, 77.820892
March 01 2025 09:02:20, 41.172600, 12.209320, 942, 79.044777
March 01 2025 09:03:20, 40.689945, 12.457085, 976, 78.029854
March 01 2025 09:04:20, 40.468407, 12.617683, 960, 78.507462
March 01 2025 09:05:21, 40.419197, 12.646484, 1009, 77.044777
March 01 2025 09:07:24, 47.883320, 10.664940, 976, 78.029854
March 01 2025 09:08:25, 45.002747, 11.287308, 980, 77.910446
March 01 2025 09:09:25, 43.623161, 11.727524, 976, 78.029854
March 01 2025 09:10:25, 42.326546, 11.957359, 1001, 77.283585
March 01 2025 09:11:25, 41.682243, 12.265396, 961, 78.477615
March 01 2025 09:12:26, 41.136456, 12.415886, 883, 80.805969
March 01 2025 09:13:26, 40.875053, 12.573433, 961, 78.477615
March 01 2025 09:14:26, 40.248871, 12.559700, 947, 78.895523
March 01 2025 09:15:26, 39.884949, 12.736130, 960, 78.507462
March 01 2025 09:16:27, 39.631844, 12.894058, 960, 78.507462
March 01 2025 09:17:27, 39.633942, 12.895203, 954, 78.686569
March 01 2025 09:18:27, 39.792442, 12.920761, 981, 77.880600
March 01 2025 09:19:27, 39.689255, 13.053322, 960, 78.507462
March 01 2025 09:20:28, 39.159870, 13.191605, 976, 78.029854
March 01 2025 09:21:28, 38.645935, 13.267326, 944, 78.985077
March 01 2025 09:22:28, 38.737297, 13.310623, 965, 78.358208
March 01 2025 09:23:28, 38.963795, 13.389969, 976, 78.029854
March 01 2025 09:24:28, 38.525581, 13.470268, 969, 78.238808
March 01 2025 09:25:29, 38.385105, 13.519669, 942, 79.044777
March 01 2025 09:26:29, 38.593674, 13.349533, 1002, 77.253731
March 01 2025 09:27:29, 38.040352, 13.471222, 975, 78.059700
March 01 2025 09:28:29, 37.998104, 13.325500, 1006, 77.134331
March 01 2025 09:29:30, 37.185574, 13.379288, 959, 78.537315
March 01 2025 09:30:30, 36.649990, 13.543320, 943, 79.014923
March 01 2025 09:31:30, 36.029530, 13.514709, 967, 78.298508
March 01 2025 09:32:30, 36.197948, 13.278580, 966, 78.328362
March 01 2025 09:33:31, 36.661720, 13.194466, 972, 78.149254
March 01 2025 09:34:31, 37.071800, 13.182068, 1008, 77.074623
March 01 2025 09:35:31, 37.572479, 13.096428, 910, 80.000000
March 01 2025 09:36:31, 37.714863, 13.101387, 1003, 77.223877
March 01 2025 09:37:31, 37.822342, 13.121223, 971, 78.179108
March 01 2025 09:38:32, 37.694073, 13.184929, 966, 78.328362
March 01 2025 09:39:32, 36.729050, 13.333893, 949, 78.835823
March 01 2025 09:40:32, 36.629391, 13.311768, 950, 78.805969
March 01 2025 09:41:32, 37.183762, 13.397789, 974, 78.089554
March 01 2025 09:42:33, 36.803627, 13.395500, 982, 77.850746
March 01 2025 09:43:33, 36.940575, 13.402367, 974, 78.089554
March 01 2025 09:44:33, 37.262154, 13.375282, 974, 78.089554
March 01 2025 09:45:33, 37.151814, 13.281250, 994, 77.492538
March 01 2025 09:46:34, 37.182045, 13.176346, 976, 78.029854
March 01 2025 09:47:34, 36.671162, 13.241768, 991, 77.582092
March 01 2025 09:48:34, 36.613083, 13.339043, 985, 77.761192
March 01 2025 09:49:34, 36.720181, 13.468552, 974, 78.089554
March 01 2025 09:50:35, 36.503220, 13.577080, 928, 79.462685
March 01 2025 09:51:35, 36.374283, 13.627434, 957, 78.597015
March 01 2025 09:52:35, 36.293316, 13.694954, 997, 77.402985
March 01 2025 09:53:35, 35.953045, 13.655090, 975, 78.059700
March 01 2025 09:54:35, 35.527611, 13.844681, 959, 78.537315
March 01 2025 09:55:36, 35.278988, 13.669968, 938, 79.164177
March 01 2025 09:56:36, 35.029697, 13.534737, 996, 77.432838
March 01 2025 09:57:36, 35.781193, 13.478088, 1013, 76.925377
March 01 2025 09:58:36, 35.905075, 13.546562, 972, 78.149254
March 01 2025 09:59:37, 35.855007, 13.334274, 986, 77.731346
March 01 2025 10:00:37, 36.304092, 13.254738, 1008, 77.074623
March 01 2025 10:01:37, 36.257839, 13.209915, 986, 77.731346
March 01 2025 10:02:37, 36.397266, 13.205910, 983, 77.820892
March 01 2025 10:03:38, 36.592197, 13.378143, 975, 78.059700
March 01 2025 10:04:38, 36.607933, 13.489723, 989, 77.641792
March 01 2025 10:05:38, 36.372280, 13.556862, 960, 78.507462
March 01 2025 10:06:38, 36.493301, 13.714600, 947, 78.895523
March 01 2025 10:07:39, 36.002159, 13.793182, 973, 78.119400
March 01 2025 10:08:39, 35.422897, 13.797188, 998, 77.373131
March 01 2025 10:09:39, 35.320759, 13.824654, 960, 78.507462
March 01 2025 10:10:39, 35.122204, 13.800430, 976, 78.029854
March 01 2025 10:11:39, 35.207176, 13.861084, 920, 79.701492
March 01 2025 10:12:40, 35.452461, 13.853073, 976, 78.029854
March 01 2025 10:13:40, 34.721851, 13.730431, 974, 78.089554
March 01 2025 10:14:40, 35.065651, 13.783836, 1003, 77.223877
March 01 2025 10:15:40, 34.323502, 13.872147, 1002, 77.253731
March 01 2025 10:16:41, 34.890747, 13.886833, 976, 78.029854
March 01 2025 10:17:41, 35.130596, 13.924408, 965, 78.358208
March 01 2025 10:18:41, 34.518528, 14.038086, 992, 77.552238
March 01 2025 10:19:41, 33.915043, 13.909721, 998, 77.373131
March 01 2025 10:20:42, 33.727646, 13.913727, 1001, 77.283585
March 01 2025 10:21:42, 34.186840, 14.029312, 969, 78.238808
March 01 2025 10:22:42, 34.475708, 14.035034, 1005, 77.164177
March 01 2025 10:23:42, 34.299183, 14.093018, 976, 78.029854
March 01 2025 10:24:42, 34.342384, 14.083672, 976, 78.029854
March 01 2025 10:25:43, 34.205246, 14.059639, 959, 78.537315
March 01 2025 10:26:43, 33.973408, 14.000511, 914, 79.880600
March 01 2025 10:27:43, 34.281063, 14.023018, 969, 78.238808
March 01 2025 10:28:43, 34.028053, 13.873291, 1013, 76.925377
March 01 2025 10:29:44, 34.297180, 13.992691, 1003, 77.223877
March 01 2025 10:30:44, 34.630299, 14.113045, 979, 77.940300
March 01 2025 10:31:44, 35.063171, 14.145660, 976, 78.029854
March 01 2025 10:32:44, 34.343147, 14.151001, 974, 78.089554
March 01 2025 10:33:45, 34.225559, 14.079285, 987, 77.701492
March 01 2025 10:34:45, 34.469414, 14.044571, 976, 78.029854
March 01 2025 10:35:45, 34.449482, 13.948441, 1014, 76.895523
March 01 2025 10:36:45, 34.659100, 14.082527, 1008, 77.074623
March 01 2025 10:37:46, 33.883953, 13.840294, 975, 78.059700
March 01 2025 10:38:46, 33.881855, 13.549805, 1023, 76.626869
March 01 2025 10:39:46, 33.998299, 13.683510, 1019, 76.746269
March 01 2025 10:40:46, 33.891487, 13.745689, 999, 77.343285
March 01 2025 10:41:46, 34.562778, 13.770294, 998, 77.373131
March 01 2025 10:42:47, 34.776688, 13.829231, 1021, 76.686569
March 01 2025 10:43:47, 35.210037, 13.909149, 1005, 77.164177
March 01 2025 10:44:47, 34.966373, 14.050484, 978, 77.970146
March 01 2025 10:45:47, 34.606647, 13.949203, 967, 78.298508
March 01 2025 10:46:48, 34.674358, 14.021111, 949, 78.835823
March 01 2025 10:47:48, 34.545422, 14.105797, 1017, 76.805969
March 01 2025 10:48:48, 34.706402, 14.201736, 976, 78.029854
March 01 2025 10:49:48, 34.631634, 14.280891, 1011, 76.985077
March 01 2025 10:50:49, 34.176064, 14.265823, 993, 77.522385
March 01 2025 10:51:49, 34.319210, 14.241600, 982, 77.850746
March 01 2025 10:52:49, 33.987427, 14.174652, 971, 78.179108
March 01 2025 10:53:49, 34.425354, 14.094925, 994, 77.492538
March 01 2025 10:54:50, 34.314251, 14.164925, 1001, 77.283585
March 01 2025 10:55:50, 33.475685, 14.242172, 999, 77.343285
March 01 2025 10:56:50, 33.911991, 14.181137, 994, 77.492538
March 01 2025 10:57:50, 34.251499, 14.220047, 974, 78.089554
March 01 2025 10:58:50, 34.314537, 14.111519, 1005, 77.164177
March 01 2025 10:59:51, 34.193611, 14.187622, 1023, 76.626869
March 01 2025 11:00:51, 33.057117, 14.237595, 1023, 76.626869
March 01 2025 11:01:51, 32.910442, 14.410400, 981, 77.880600
March 01 2025 11:02:51, 33.543777, 14.372063, 1035, 76.268654
March 01 2025 11:03:52, 33.929157, 14.300728, 1004, 77.194031
March 01 2025 11:04:52, 34.094810, 14.415359, 1050, 75.820892
March 01 2025 11:05:52, 34.387493, 14.532280, 1002, 77.253731
March 01 2025 11:06:52, 33.924770, 14.620018, 1051, 75.791046
March 01 2025 11:07:53, 34.108543, 14.723206, 945, 78.955223
March 01 2025 11:08:53, 33.638954, 14.895248, 1023, 76.626869
March 01 2025 11:09:53, 33.011246, 14.981079, 1046, 75.940300
March 01 2025 11:10:53, 33.686829, 14.888191, 979, 77.940300
March 01 2025 11:11:53, 33.642578, 14.882278, 1031, 76.388062
March 01 2025 11:12:54, 34.369087, 14.757538, 1023, 76.626869
March 01 2025 11:13:54, 34.223270, 14.897919, 992, 77.552238
March 01 2025 11:14:54, 33.808613, 14.805603, 1021, 76.686569
March 01 2025 11:15:54, 33.913803, 14.830208, 978, 77.970146
March 01 2025 11:16:55, 33.939266, 14.978981, 1031, 76.388062
March 01 2025 11:17:55, 33.609962, 14.859200, 1033, 76.328362
March 01 2025 11:18:55, 32.842731, 14.480972, 1051, 75.791046
March 01 2025 11:19:55, 33.102512, 14.479065, 1023, 76.626869
March 01 2025 11:20:56, 32.834339, 14.629745, 1051, 75.791046
March 01 2025 11:21:56, 33.692360, 14.690399, 1023, 76.626869
March 01 2025 11:22:56, 33.700752, 14.783096, 1002, 77.253731
March 01 2025 11:23:56, 33.938217, 14.814758, 1017, 76.805969
March 01 2025 11:24:57, 33.048248, 14.974785, 1008, 77.074623
March 01 2025 11:25:57, 32.960987, 14.937019, 1031, 76.388062
March 01 2025 11:26:57, 34.183025, 14.956093, 1037, 76.208954
March 01 2025 11:27:57, 34.401417, 14.962769, 1015, 76.865669
March 01 2025 11:28:57, 33.751583, 14.922142, 1063, 75.432838
March 01 2025 11:29:58, 32.826424, 15.069771, 1058, 75.582092
March 01 2025 11:30:58, 33.720493, 15.072823, 1071, 75.194031
March 01 2025 11:31:58, 33.537102, 15.058136, 1011, 76.985077
March 01 2025 11:32:58, 33.933735, 15.115547, 1035, 76.268654
March 01 2025 11:33:59, 33.825016, 15.046501, 1040, 76.119400
March 01 2025 11:34:59, 33.671379, 15.059280, 1040, 76.119400
March 01 2025 11:35:59, 33.970165, 15.147400, 1051, 75.791046
March 01 2025 11:36:59, 33.899212, 15.260315, 1034, 76.298508
March 01 2025 11:38:00, 32.699585, 15.302277, 1040, 76.119400
March 01 2025 11:39:00, 32.182407, 15.265846, 1023, 76.626869
March 01 2025 11:40:00, 31.690502, 15.204048, 1023, 76.626869
March 01 2025 11:41:00, 32.689476, 15.265465, 1065, 75.373131
March 01 2025 11:42:00, 34.217834, 15.289688, 1023, 76.626869
March 01 2025 11:43:01, 33.935070, 15.284348, 1043, 76.029854
March 01 2025 11:44:01, 34.423637, 15.220070, 989, 77.641792
March 01 2025 11:45:01, 34.106350, 15.034485, 1065, 75.373131
March 01 2025 11:46:01, 33.570385, 15.113449, 1043, 76.029854
March 01 2025 11:47:02, 33.755398, 15.248871, 1042, 76.059700
March 01 2025 11:48:02, 33.308697, 15.349579, 1050, 75.820892
March 01 2025 11:49:02, 33.504200, 15.388489, 1101, 74.298508
March 01 2025 11:50:02, 33.156395, 15.484238, 1075, 75.074623
March 01 2025 11:51:03, 33.574581, 15.568542, 1104, 74.208954
March 01 2025 11:52:03, 33.799171, 15.748787, 1121, 73.701492
March 01 2025 11:53:03, 33.790588, 15.922546, 1171, 72.208954
March 01 2025 11:54:03, 32.342720, 15.964127, 1193, 71.552238
March 01 2025 11:55:04, 32.257175, 16.075706, 1181, 71.910446
March 01 2025 11:56:04, 32.638168, 16.125107, 1199, 71.373131
March 01 2025 11:57:04, 31.990147, 16.189384, 1141, 73.104477
March 01 2025 11:58:04, 32.209110, 16.048241, 1151, 72.805969
March 01 2025 11:59:04, 32.270050, 15.964127, 1186, 71.761192
March 01 2025 12:00:05, 32.027912, 16.045189, 1191, 71.611938
March 01 2025 12:01:05, 32.166481, 16.191483, 1166, 72.358208
March 01 2025 12:02:05, 32.596493, 16.209030, 1200, 71.343285
March 01 2025 12:03:05, 32.717800, 16.029930, 1175, 72.089554
March 01 2025 12:04:06, 33.102226, 16.114807, 1205, 71.194031
March 01 2025 12:05:06, 31.968021, 16.038132, 1135, 73.283585
March 01 2025 12:06:06, 32.056236, 16.155052, 1159, 72.567162
March 01 2025 12:07:06, 32.589054, 16.181374, 1174, 72.119400
March 01 2025 12:08:07, 33.017635, 16.316223, 1235, 70.298508
March 01 2025 12:09:07, 32.613564, 16.282654, 1231, 70.417908
March 01 2025 12:10:07, 32.094193, 16.150475, 1230, 70.447762
March 01 2025 12:11:07, 30.643845, 16.175270, 1202, 71.283585
March 01 2025 12:12:07, 30.794907, 16.177368, 1088, 74.686569
March 01 2025 12:13:08, 30.827332, 16.325188, 1255, 69.701492
March 01 2025 12:14:08, 31.235218, 16.264725, 1212, 70.985077
March 01 2025 12:15:08, 30.321598, 15.994835, 1242, 70.089554
March 01 2025 12:16:08, 30.841160, 15.817451, 1249, 69.880600
March 01 2025 12:17:09, 30.915451, 15.834999, 1281, 68.925377
March 01 2025 12:18:09, 30.616665, 15.757942, 1225, 70.597015
March 01 2025 12:19:09, 31.082439, 15.491104, 1257, 69.641792
March 01 2025 12:20:09, 32.256031, 15.592003, 1242, 70.089554
March 01 2025 12:21:10, 31.866837, 15.499115, 1204, 71.223877
March 01 2025 12:22:10, 31.469536, 15.373802, 1222, 70.686569
March 01 2025 12:23:10, 32.065392, 15.561295, 1222, 70.686569
March 01 2025 12:24:10, 32.449245, 15.689850, 1216, 70.865669
March 01 2025 12:25:11, 32.547951, 15.747452, 1200, 71.343285
March 01 2025 12:26:11, 32.874298, 15.950775, 1208, 71.104477
March 01 2025 12:27:11, 32.850933, 16.015244, 1222, 70.686569
March 01 2025 12:28:11, 31.643677, 16.345596, 1223, 70.656715
March 01 2025 12:29:11, 30.003357, 16.310310, 1230, 70.447762
March 01 2025 12:30:12, 30.627251, 16.052246, 1206, 71.164177
March 01 2025 12:31:12, 30.473423, 16.176605, 1214, 70.925377
March 01 2025 12:32:12, 30.282211, 16.019249, 1216, 70.865669
March 01 2025 12:33:12, 30.596256, 16.135406, 1168, 72.298508
March 01 2025 12:34:13, 32.283592, 16.132927, 1234, 70.328362
March 01 2025 12:35:13, 32.127380, 16.123581, 1191, 71.611938
March 01 2025 12:36:13, 32.207203, 15.993881, 1167, 72.328362
March 01 2025 12:37:13, 31.992435, 16.207504, 1165, 72.388062
March 01 2025 12:38:14, 32.285786, 16.386223, 1141, 73.104477
March 01 2025 12:39:14, 32.002926, 16.519547, 1171, 72.208954
March 01 2025 12:40:14, 32.182884, 16.667747, 1189, 71.671638
March 01 2025 12:41:14, 32.500553, 16.808891, 1202, 71.283585
March 01 2025 12:42:14, 30.426884, 17.018700, 1130, 73.432838
March 01 2025 12:45:21, 38.082314, 12.498093, 1195, 71.492538
March 01 2025 12:46:21, 36.517334, 12.808800, 1194, 71.522385
March 01 2025 12:47:21, 36.383247, 13.019943, 1222, 70.686569
March 01 2025 12:48:22, 36.380482, 13.157082, 1226, 70.567162
March 01 2025 12:49:22, 36.187077, 13.129807, 1215, 70.895523
March 01 2025 12:50:22, 36.460495, 12.899399, 1183, 71.850746
March 01 2025 12:51:22, 36.953545, 12.800217, 1202, 71.283585
March 01 2025 12:52:23, 37.184048, 12.770271, 1214, 70.925377
March 01 2025 12:53:23, 37.510204, 12.662506, 1170, 72.238808
March 01 2025 12:54:23, 38.868904, 12.395096, 1190, 71.641792
March 01 2025 12:55:23, 38.806820, 12.435532, 1203, 71.253731
March 01 2025 12:56:24, 38.881111, 12.301636, 1210, 71.044777
March 01 2025 12:57:24, 39.069366, 12.186813, 1232, 70.388062
March 01 2025 12:58:24, 39.637756, 12.082100, 1232, 70.388062
March 01 2025 12:59:24, 38.613319, 12.657928, 1230, 70.447762
March 01 2025 13:00:24, 38.035297, 13.126755, 1255, 69.701492
March 01 2025 13:01:25, 37.639713, 13.040352, 1279, 68.985077
March 01 2025 13:02:25, 36.399651, 13.077545, 1193, 71.552238
March 01 2025 13:03:25, 36.515045, 12.944794, 1215, 70.895523
March 01 2025 13:04:25, 36.442757, 12.838936, 1216, 70.865669
March 01 2025 13:05:26, 36.853695, 13.124847, 1254, 69.731346
March 01 2025 13:06:26, 37.050438, 13.022041, 1235, 70.298508
March 01 2025 13:07:26, 37.741756, 13.010788, 1200, 71.343285
March 01 2025 13:08:26, 38.242245, 12.988853, 1210, 71.044777
March 01 2025 13:09:27, 37.785435, 13.115692, 1247, 69.940300
March 01 2025 13:10:27, 37.164116, 13.553619, 1244, 70.029854
March 01 2025 13:11:27, 37.379265, 13.667297, 1252, 69.791046
March 01 2025 13:12:27, 36.981106, 13.637543, 1230, 70.447762
March 01 2025 13:13:28, 38.127041, 13.306808, 1221, 70.716415
March 01 2025 13:14:28, 39.243603, 12.952614, 1214, 70.925377
March 01 2025 13:15:28, 38.420391, 13.204193, 1264, 69.432838
March 01 2025 13:16:28, 37.717724, 13.247871, 1227, 70.537315
March 01 2025 13:17:28, 36.583614, 13.585854, 1242, 70.089554
March 01 2025 13:18:29, 35.782242, 13.543892, 1211, 71.014923
March 01 2025 13:19:29, 36.074257, 13.406181, 1215, 70.895523
March 01 2025 13:20:29, 36.890030, 13.036537, 1168, 72.298508
March 01 2025 13:21:29, 37.867260, 12.867928, 1187, 71.731346
March 01 2025 13:22:30, 38.354874, 12.605286, 1175, 72.089554
March 01 2025 13:23:30, 38.918972, 12.345886, 1171, 72.208954
March 01 2025 13:24:30, 39.268684, 12.401009, 1203, 71.253731
March 01 2025 13:25:30, 39.332962, 12.591934, 1202, 71.283585
March 01 2025 13:26:31, 39.782333, 12.364197, 1218, 70.805969
March 01 2025 13:27:31, 38.097095, 12.727547, 1232, 70.388062
March 01 2025 13:28:31, 36.762333, 13.019753, 1235, 70.298508
March 01 2025 13:29:31, 36.184502, 13.274956, 1219, 70.776123
March 01 2025 13:30:31, 35.485172, 13.041687, 1211, 71.014923
March 01 2025 13:31:32, 36.841393, 12.775993, 1225, 70.597015
March 01 2025 13:32:32, 37.251282, 12.744141, 1208, 71.104477
March 01 2025 13:33:32, 36.672401, 12.727165, 1200, 71.343285
March 01 2025 13:34:32, 37.426472, 12.716293, 1219, 70.776123
March 01 2025 13:35:33, 37.921143, 12.781334, 1210, 71.044777
March 01 2025 13:36:33, 37.530041, 12.878227, 1185, 71.791046
March 01 2025 13:37:33, 36.687756, 12.677383, 1247, 69.940300
March 01 2025 13:38:33, 36.118603, 12.927055, 1197, 71.432838
March 01 2025 13:39:34, 35.748100, 13.100052, 1242, 70.089554
March 01 2025 13:40:34, 35.556221, 12.958908, 1221, 70.716415
March 01 2025 13:41:34, 36.330032, 13.078499, 1207, 71.134331
March 01 2025 13:42:34, 36.640167, 13.161087, 1238, 70.208954
March 01 2025 13:43:35, 36.747646, 13.062859, 1215, 70.895523
March 01 2025 13:44:35, 36.694717, 13.302422, 1199, 71.373131
March 01 2025 13:45:35, 34.547806, 13.439560, 1219, 70.776123
March 01 2025 13:46:35, 32.976532, 13.383484, 1190, 71.641792
March 01 2025 13:47:35, 34.321117, 13.362885, 1228, 70.507462
March 01 2025 13:48:36, 35.156631, 13.164711, 1160, 72.537315
March 01 2025 13:49:36, 35.481548, 12.929916, 1191, 71.611938
March 01 2025 13:50:36, 35.172081, 13.111496, 1238, 70.208954
March 01 2025 13:51:36, 34.534073, 13.087463, 1215, 70.895523
March 01 2025 13:52:37, 34.350967, 13.100433, 1197, 71.432838
March 01 2025 13:53:37, 34.670734, 13.080406, 1225, 70.597015
March 01 2025 13:54:37, 34.881496, 13.258743, 1264, 69.432838
March 01 2025 13:55:37, 34.575939, 13.450050, 1214, 70.925377
March 01 2025 13:56:38, 34.963322, 13.217354, 1227, 70.537315
March 01 2025 13:57:38, 34.728050, 13.066864, 1173, 72.149254
March 01 2025 13:58:38, 34.954071, 13.021278, 1198, 71.402985
March 01 2025 13:59:38, 33.849144, 12.986946, 1173, 72.149254
March 01 2025 14:00:39, 34.626293, 13.025284, 1200, 71.343285
March 01 2025 14:01:39, 34.420300, 12.968063, 1198, 71.402985
March 01 2025 14:02:39, 34.460449, 13.105392, 1213, 70.955223
March 01 2025 14:03:39, 33.478451, 13.136864, 1179, 71.970146
March 01 2025 14:04:39, 33.619976, 13.165283, 1204, 71.223877
March 01 2025 14:05:40, 34.325314, 13.127327, 1233, 70.358208
March 01 2025 14:06:40, 34.447765, 13.190269, 1219, 70.776123
March 01 2025 14:07:40, 34.462070, 13.143158, 1205, 71.194031
March 01 2025 14:08:40, 34.007645, 12.941933, 1207, 71.134331
March 01 2025 14:09:41, 35.564709, 12.800407, 1235, 70.298508
March 01 2025 14:10:41, 34.021187, 13.173103, 1234, 70.328362
March 01 2025 14:11:41, 33.031464, 13.180923, 1195, 71.492538
March 01 2025 14:12:41, 32.791138, 13.237572, 1248, 69.910446
March 01 2025 14:13:42, 33.473969, 13.316727, 1229, 70.477615
March 01 2025 14:14:42, 32.991982, 13.671303, 1216, 70.865669
March 01 2025 14:15:42, 32.996941, 13.712502, 1231, 70.417908
March 01 2025 14:16:42, 33.278084, 13.525963, 1232, 70.388062
March 01 2025 14:17:43, 33.866215, 13.453865, 1230, 70.447762
March 01 2025 14:18:43, 33.109951, 13.519478, 1219, 70.776123
March 01 2025 14:19:43, 32.838154, 13.847542, 1200, 71.343285
March 01 2025 14:20:43, 32.718086, 13.818359, 1207, 71.134331
March 01 2025 14:21:43, 33.787823, 13.643456, 1184, 71.820892
March 01 2025 14:22:44, 34.237862, 13.371849, 1221, 70.716415
March 01 2025 14:23:44, 34.716797, 13.537598, 1249, 69.880600
March 01 2025 14:24:44, 33.885860, 13.702393, 1198, 71.402985
March 01 2025 14:25:44, 33.526516, 13.699532, 1263, 69.462685
March 01 2025 14:26:45, 32.755184, 13.816071, 1253, 69.761192
March 01 2025 14:27:45, 32.485676, 13.784981, 1241, 70.119400
March 01 2025 14:28:45, 33.365440, 13.639069, 1238, 70.208954
March 01 2025 14:29:45, 32.643509, 13.692093, 1233, 70.358208
March 01 2025 14:30:46, 35.131454, 13.397789, 1237, 70.238808
March 01 2025 14:31:46, 34.480667, 13.402939, 1279, 68.985077
March 01 2025 14:32:46, 35.471249, 13.265419, 1234, 70.328362
March 01 2025 14:33:46, 34.658051, 13.443947, 1236, 70.268654
March 01 2025 14:34:46, 32.702923, 13.664246, 1281, 68.925377
March 01 2025 14:35:47, 31.464577, 13.814163, 1244, 70.029854
March 01 2025 14:36:47, 31.491566, 13.830757, 1239, 70.179108
March 01 2025 14:37:47, 30.492210, 14.240265, 1269, 69.283585
March 01 2025 14:38:47, 31.199169, 14.426613, 1259, 69.582092
March 01 2025 14:39:48, 30.980682, 14.720154, 1242, 70.089554
March 01 2025 14:40:48, 31.110668, 14.671707, 1243, 70.059700
March 01 2025 14:41:48, 31.739330, 14.423370, 1263, 69.462685
March 01 2025 14:42:48, 32.872581, 14.103508, 1232, 70.388062
March 01 2025 14:43:49, 33.490658, 13.751030, 1232, 70.388062
March 01 2025 14:44:49, 33.306885, 14.112473, 1287, 68.746269
March 01 2025 14:45:49, 30.976200, 14.631653, 1253, 69.761192
March 01 2025 14:46:49, 31.018639, 14.735985, 1253, 69.761192
March 01 2025 14:47:50, 30.265808, 14.864540, 1243, 70.059700
March 01 2025 14:48:50, 29.522991, 15.047073, 1242, 70.089554
March 01 2025 14:49:50, 30.849648, 14.484978, 1263, 69.462685
March 01 2025 14:50:50, 31.987000, 14.277649, 1277, 69.044777
March 01 2025 14:51:50, 30.845356, 14.482689, 1267, 69.343285
March 01 2025 14:52:51, 29.811859, 14.544868, 1239, 70.179108
March 01 2025 14:53:51, 28.982353, 14.592171, 1245, 70.000000
March 01 2025 14:54:51, 28.339195, 14.448166, 1223, 70.656715
March 01 2025 14:55:51, 28.785419, 14.166832, 1254, 69.731346
March 01 2025 14:56:52, 29.465294, 14.159584, 1249, 69.880600
March 01 2025 14:57:52, 28.583336, 14.499283, 1271, 69.223877
March 01 2025 14:58:52, 29.578495, 14.301491, 1235, 70.298508
March 01 2025 14:59:52, 29.286861, 14.579010, 1346, 66.985077
March 01 2025 15:00:53, 29.305172, 14.509773, 1280, 68.955223
March 01 2025 15:01:53, 30.435276, 14.322472, 1219, 70.776123
March 01 2025 15:02:53, 29.765797, 14.372635, 1274, 69.134331
March 01 2025 15:03:53, 31.139660, 14.395142, 1266, 69.373131
March 01 2025 15:04:54, 30.336189, 14.559937, 1295, 68.507462
March 01 2025 15:05:54, 28.674889, 14.879799, 1265, 69.402985
March 01 2025 15:06:54, 28.784752, 14.903259, 1296, 68.477615
March 01 2025 15:07:54, 27.785492, 15.083694, 1280, 68.955223
March 01 2025 15:08:54, 26.945782, 15.536880, 1275, 69.104477
March 01 2025 15:09:55, 26.702309, 15.603256, 1257, 69.641792
March 01 2025 15:10:55, 26.780701, 15.306282, 1241, 70.119400
March 01 2025 15:11:55, 27.377129, 15.157700, 1235, 70.298508
March 01 2025 15:12:55, 27.922440, 14.868355, 1206, 71.164177
March 01 2025 15:13:56, 28.124046, 14.592171, 1204, 71.223877
March 01 2025 15:14:56, 28.420639, 14.160919, 1232, 70.388062
March 01 2025 15:15:56, 29.615593, 13.966942, 1257, 69.641792
March 01 2025 15:16:56, 31.689930, 13.851929, 1246, 69.970146
March 01 2025 15:17:57, 30.572701, 14.331436, 1275, 69.104477
March 01 2025 15:18:57, 30.521870, 14.525795, 1244, 70.029854
March 01 2025 15:19:57, 30.096436, 14.699936, 1232, 70.388062
March 01 2025 15:20:57, 29.788876, 14.761734, 1248, 69.910446
March 01 2025 15:21:57, 29.737759, 14.631462, 1242, 70.089554
March 01 2025 15:22:58, 29.874420, 14.587212, 1240, 70.149254
March 01 2025 15:23:58, 30.192947, 14.306068, 1232, 70.388062
March 01 2025 15:24:58, 31.966972, 13.973999, 1231, 70.417908
March 01 2025 15:25:58, 31.790352, 13.976479, 1246, 69.970146
March 01 2025 15:26:59, 31.023407, 14.160347, 1231, 70.417908
March 01 2025 15:27:59, 31.642437, 14.093781, 1219, 70.776123
March 01 2025 15:28:59, 30.770016, 14.084244, 1236, 70.268654
March 01 2025 15:29:59, 31.159973, 14.047050, 1217, 70.835823
March 01 2025 15:31:00, 31.874371, 14.080811, 1222, 70.686569
March 01 2025 15:32:00, 31.668186, 14.076996, 1235, 70.298508
March 01 2025 15:33:00, 32.192516, 14.114189, 1255, 69.701492
March 01 2025 15:34:00, 32.267761, 14.184761, 1231, 70.417908
March 01 2025 15:35:01, 31.245136, 14.318085, 1241, 70.119400
March 01 2025 15:36:01, 31.590462, 14.231682, 1263, 69.462685
March 01 2025 15:37:01, 31.170177, 14.307404, 1253, 69.761192
March 01 2025 15:38:01, 30.775166, 14.263535, 1263, 69.462685
March 01 2025 15:39:01, 30.902767, 14.302063, 1249, 69.880600
March 01 2025 15:40:02, 30.940723, 14.229393, 1239, 70.179108
March 01 2025 15:41:02, 30.822754, 14.109230, 1232, 70.388062
March 01 2025 15:42:02, 33.367252, 13.916969, 1237, 70.238808
March 01 2025 15:43:02, 33.232498, 13.991547, 1253, 69.761192
March 01 2025 15:44:03, 33.085537, 14.007378, 1284, 68.835823
March 01 2025 15:45:03, 32.763290, 14.117241, 1224, 70.626869
March 01 2025 15:46:03, 33.425808, 14.063835, 1273, 69.164177
March 01 2025 15:47:03, 32.576466, 14.605331, 1291, 68.626869
March 01 2025 15:48:04, 31.148911, 15.030861, 1296, 68.477615
March 01 2025 15:49:04, 29.952335, 15.442085, 1237, 70.238808
March 01 2025 15:50:04, 31.285381, 15.128708, 1255, 69.701492
March 01 2025 15:51:04, 31.804466, 14.831352, 1294, 68.537315
March 01 2025 15:52:04, 31.007957, 14.706421, 1299, 68.388062
March 01 2025 15:53:05, 32.329082, 14.702225, 1287, 68.746269
March 01 2025 15:54:05, 31.527901, 14.790344, 1280, 68.955223
March 01 2025 15:55:05, 31.488132, 15.323830, 1294, 68.537315
March 01 2025 15:56:05, 30.304527, 15.334702, 1226, 70.567162
March 01 2025 15:57:06, 30.256081, 15.224457, 1294, 68.537315
March 01 2025 15:58:06, 30.227852, 15.065575, 1263, 69.462685
March 01 2025 15:59:06, 30.803204, 15.060043, 1202, 71.283585
March 01 2025 16:00:06, 31.176758, 15.118408, 1245, 70.000000
March 01 2025 16:01:07, 31.814194, 15.110397, 1259, 69.582092
March 01 2025 16:02:07, 32.247257, 15.256310, 1288, 68.716415
March 01 2025 16:03:07, 31.282616, 15.299225, 1251, 69.820892
March 01 2025 16:04:07, 31.189537, 15.510368, 1238, 70.208954
March 01 2025 16:05:08, 31.014347, 15.564919, 1239, 70.179108
March 01 2025 16:06:08, 30.751419, 15.717506, 1252, 69.791046
March 01 2025 16:07:08, 31.038284, 15.807152, 1237, 70.238808
March 01 2025 16:08:08, 30.502796, 15.998459, 1232, 70.388062
March 01 2025 16:09:08, 29.635239, 16.311264, 1247, 69.940300
March 01 2025 16:10:09, 29.128170, 16.602325, 1239, 70.179108
March 01 2025 16:11:09, 28.889751, 16.895294, 1259, 69.582092
March 01 2025 16:12:09, 28.763580, 16.997337, 1267, 69.343285
March 01 2025 16:13:09, 28.407288, 17.534447, 1273, 69.164177
March 01 2025 16:14:10, 27.023697, 17.986107, 1244, 70.029854
March 01 2025 16:15:10, 26.455975, 18.193436, 1211, 71.014923
March 01 2025 16:16:10, 25.953007, 18.489075, 1205, 71.194031
March 01 2025 16:17:10, 25.708294, 18.693733, 1192, 71.582092
March 01 2025 16:18:11, 24.999714, 18.715858, 1163, 72.447762
March 01 2025 16:19:11, 25.330448, 18.642998, 1193, 71.552238
March 01 2025 16:20:11, 25.685692, 18.498993, 1150, 72.835823
March 01 2025 16:21:11, 25.659466, 18.430328, 1168, 72.298508
March 01 2025 16:22:12, 26.125431, 17.583466, 1143, 73.044777
March 01 2025 16:23:12, 27.885246, 16.967583, 1168, 72.298508
March 01 2025 16:24:12, 27.740097, 17.119789, 1110, 74.029854
March 01 2025 16:25:12, 28.417587, 16.543579, 1154, 72.716415
March 01 2025 16:26:12, 28.498554, 16.426277, 1155, 72.686569
March 01 2025 16:27:13, 28.265572, 16.434669, 1175, 72.089554
March 01 2025 16:28:13, 28.527069, 16.154289, 1144, 73.014923
March 01 2025 16:29:13, 29.746246, 15.962982, 1163, 72.447762
March 01 2025 16:30:13, 29.855156, 15.706635, 1150, 72.835823
March 01 2025 16:31:14, 30.002975, 15.634346, 1159, 72.567162
March 01 2025 16:32:14, 30.211830, 15.743446, 1120, 73.731346
March 01 2025 16:33:14, 29.877663, 16.124725, 1165, 72.388062
March 01 2025 16:34:14, 29.686451, 16.563034, 1125, 73.582092
March 01 2025 16:35:15, 28.966904, 16.325760, 1147, 72.925377
March 01 2025 16:36:15, 28.794956, 16.353416, 1159, 72.567162
March 01 2025 16:37:15, 29.239750, 16.584587, 1163, 72.447762
March 01 2025 16:38:15, 28.423595, 17.146301, 1165, 72.388062
March 01 2025 16:39:15, 27.882385, 18.046951, 1181, 71.910446
March 01 2025 16:40:16, 27.542496, 18.514442, 1200, 71.343285
