Date, Humidity (%), Temperature (°C), Soil Moisture (%), Humidity Purcentage (%)
March 01 2025 09:22:52, 56.882668, 9.001541, 3423, 4.985075
March 01 2025 09:23:52, 56.420326, 8.234787, 3431, 4.746269
March 01 2025 09:25:25, 58.829975, 8.228874, 3422, 5.014925
March 01 2025 09:26:26, 57.228565, 7.716751, 3420, 5.074627
March 01 2025 09:27:26, 58.046436, 7.291794, 3416, 5.194030
March 01 2025 09:28:26, 57.612991, 7.345390, 3427, 4.865672
March 01 2025 09:29:26, 57.650185, 7.480049, 3411, 5.343284
March 01 2025 09:30:27, 58.445930, 7.644272, 3467, 3.671642
March 01 2025 09:31:27, 57.263374, 7.976151, 32, 100.000000
March 01 2025 09:35:23, 56.757355, 9.279060, 3440, 4.477612
March 01 2025 09:36:17, 54.031754, 8.947945, 3434, 4.656716
March 01 2025 09:37:17, 54.957771, 8.636475, 3456, 4.000000
March 01 2025 09:38:18, 54.274940, 8.082199, 3467, 3.671642
March 01 2025 09:40:21, 57.821178, 8.008385, 3479, 3.313433
March 01 2025 09:41:22, 56.160831, 7.809639, 3455, 4.029851
March 01 2025 09:42:22, 60.662842, 7.760429, 1529, 61.522388
March 01 2025 09:43:22, 57.987213, 7.943153, 1443, 64.089554
March 01 2025 09:44:23, 57.056046, 8.226967, 1427, 64.567162
March 01 2025 09:45:23, 57.886982, 8.317566, 1415, 64.925377
March 01 2025 09:46:23, 57.312584, 8.616257, 1402, 65.313431
March 01 2025 09:47:23, 56.376266, 8.833313, 1392, 65.611938
March 01 2025 09:48:23, 55.293274, 8.710670, 1382, 65.910446
March 01 2025 09:49:24, 56.015682, 8.738327, 1371, 66.238808
March 01 2025 09:50:24, 55.357456, 8.823204, 1361, 66.537315
March 01 2025 09:51:24, 55.633068, 8.654404, 1363, 66.477615
March 01 2025 09:52:24, 54.046535, 9.039497, 1361, 66.537315
March 01 2025 09:53:25, 55.065060, 8.751106, 1360, 66.567162
March 01 2025 09:54:25, 55.826473, 8.502960, 1356, 66.686569
March 01 2025 09:55:25, 55.645084, 8.371925, 1358, 66.626869
March 01 2025 09:56:25, 56.816292, 8.588219, 1355, 66.716415
March 01 2025 09:57:26, 56.192780, 8.935928, 1354, 66.746269
March 01 2025 09:58:26, 56.326294, 8.850479, 1355, 66.716415
March 01 2025 09:59:26, 55.676365, 8.522224, 1358, 66.626869
March 01 2025 10:00:26, 55.051422, 8.350182, 1353, 66.776123
March 01 2025 10:01:26, 56.697845, 8.276558, 1350, 66.865669
March 01 2025 10:02:27, 57.867622, 8.187103, 1349, 66.895523
March 01 2025 10:03:27, 56.509495, 8.544540, 1349, 66.895523
March 01 2025 10:04:27, 54.102325, 8.626747, 1356, 66.686569
March 01 2025 10:05:27, 54.987049, 8.400536, 1355, 66.716415
March 01 2025 10:06:28, 56.073093, 8.231735, 1353, 66.776123
March 01 2025 10:07:28, 56.395435, 8.091354, 1351, 66.835823
March 01 2025 10:08:28, 57.702827, 8.161736, 1355, 66.716415
March 01 2025 10:09:28, 57.423306, 8.310509, 1350, 66.865669
March 01 2025 10:10:29, 55.425739, 8.236122, 1357, 66.656715
March 01 2025 10:11:29, 56.301403, 8.181953, 1356, 66.686569
March 01 2025 10:12:29, 56.966877, 8.038330, 1351, 66.835823
March 01 2025 10:13:29, 58.661556, 8.037949, 1355, 66.716415
March 01 2025 10:14:30, 56.844997, 8.028793, 1354, 66.746269
March 01 2025 10:15:30, 55.911922, 7.964134, 1353, 66.776123
March 01 2025 10:16:30, 57.613945, 7.909584, 1348, 66.925377
March 01 2025 10:17:30, 58.552837, 7.913208, 1351, 66.835823
March 01 2025 10:18:30, 57.893181, 8.032799, 1359, 66.597015
March 01 2025 10:19:31, 56.868362, 8.491135, 1357, 66.656715
March 01 2025 10:20:31, 55.134583, 8.822060, 1359, 66.597015
March 01 2025 10:21:31, 55.122280, 8.583260, 1357, 66.656715
March 01 2025 10:22:31, 54.482937, 8.464622, 1354, 66.746269
March 01 2025 10:23:32, 54.977703, 8.293152, 1355, 66.716415
March 01 2025 10:24:32, 55.770779, 8.182716, 1357, 66.656715
March 01 2025 10:25:32, 56.508350, 8.148956, 1357, 66.656715
March 01 2025 10:26:32, 57.164574, 8.088303, 1356, 66.686569
March 01 2025 10:27:33, 57.154560, 8.008003, 1357, 66.656715
March 01 2025 10:28:33, 57.604885, 7.951355, 1366, 66.388062
March 01 2025 10:29:33, 58.624363, 7.985115, 1359, 66.597015
March 01 2025 10:30:33, 57.109833, 8.401299, 1358, 66.626869
March 01 2025 10:31:33, 57.030010, 8.659363, 1360, 66.567162
March 01 2025 10:32:34, 56.762218, 8.606148, 1371, 66.238808
March 01 2025 10:33:34, 55.581188, 8.462715, 1360, 66.567162
March 01 2025 10:34:34, 54.177666, 8.551598, 1358, 66.626869
March 01 2025 10:35:34, 56.647396, 8.648872, 1361, 66.537315
March 01 2025 10:36:35, 56.411266, 8.648872, 1358, 66.626869
March 01 2025 10:37:35, 54.695225, 8.580971, 1360, 66.567162
March 01 2025 10:38:35, 55.792522, 8.408165, 1361, 66.537315
March 01 2025 10:39:35, 56.066608, 8.241463, 1360, 66.567162
March 01 2025 10:40:36, 56.023979, 8.099174, 1359, 66.597015
March 01 2025 10:41:36, 56.786346, 8.060074, 1360, 66.567162
March 01 2025 10:42:36, 55.615997, 8.094788, 1359, 66.597015
March 01 2025 10:43:36, 55.896950, 8.024216, 1360, 66.567162
March 01 2025 10:44:37, 56.768417, 8.038902, 1359, 66.597015
March 01 2025 10:45:37, 57.691860, 8.194923, 1359, 66.597015
March 01 2025 10:46:37, 57.599545, 8.492470, 1360, 66.567162
March 01 2025 10:47:37, 57.174778, 8.997154, 1362, 66.507462
March 01 2025 10:48:37, 55.115032, 9.218788, 1365, 66.417908
March 01 2025 10:49:38, 54.760838, 9.344101, 1363, 66.477615
March 01 2025 10:50:38, 54.812145, 9.507561, 1365, 66.417908
March 01 2025 10:51:38, 53.954601, 9.637451, 1361, 66.537315
March 01 2025 10:52:38, 52.600574, 9.760284, 1374, 66.149254
March 01 2025 10:53:39, 52.082348, 9.675980, 1366, 66.388062
March 01 2025 10:54:39, 52.600193, 9.833527, 1365, 66.417908
March 01 2025 10:55:39, 51.366329, 9.556580, 1364, 66.447762
March 01 2025 10:56:39, 51.775837, 9.249687, 1370, 66.268654
March 01 2025 10:57:40, 54.442215, 9.166718, 1363, 66.477615
March 01 2025 10:58:40, 54.691029, 9.003448, 1366, 66.388062
March 01 2025 10:59:40, 56.473160, 9.003258, 1366, 66.388062
March 01 2025 11:00:40, 54.543972, 8.808899, 1363, 66.477615
March 01 2025 11:01:41, 54.837894, 8.705711, 1363, 66.477615
March 01 2025 11:02:41, 55.146790, 8.642197, 1371, 66.238808
March 01 2025 11:03:41, 55.878258, 8.682632, 1350, 66.865669
March 01 2025 11:04:41, 56.460285, 8.909225, 1366, 66.388062
March 01 2025 11:05:41, 55.910301, 9.042549, 1367, 66.358208
March 01 2025 11:06:42, 55.396843, 8.983612, 1374, 66.149254
March 01 2025 11:07:42, 55.585003, 8.916855, 1369, 66.298508
March 01 2025 11:08:42, 56.107998, 8.947754, 1370, 66.268654
March 01 2025 11:09:42, 54.256058, 8.886909, 1360, 66.567162
March 01 2025 11:10:43, 54.992390, 8.936119, 1367, 66.358208
March 01 2025 11:11:43, 54.831696, 8.963776, 1367, 66.358208
March 01 2025 11:12:43, 55.799198, 9.048080, 1370, 66.268654
March 01 2025 11:13:43, 57.648849, 9.184837, 1369, 66.298508
March 01 2025 11:14:44, 56.061459, 9.238243, 1375, 66.119400
March 01 2025 11:15:44, 55.233002, 9.390831, 1375, 66.119400
March 01 2025 11:16:44, 54.572201, 9.719658, 1375, 66.119400
March 01 2025 11:17:44, 54.050922, 9.848213, 1375, 66.119400
March 01 2025 11:18:44, 53.949928, 10.124779, 1378, 66.029854
March 01 2025 11:19:45, 55.991077, 10.372162, 1379, 66.000000
March 01 2025 11:20:45, 53.990936, 10.273743, 1382, 65.910446
March 01 2025 11:21:45, 53.046608, 10.010529, 1382, 65.910446
March 01 2025 11:22:45, 53.904247, 9.902000, 1360, 66.567162
March 01 2025 11:23:46, 52.890968, 10.012054, 1375, 66.119400
March 01 2025 11:24:46, 52.873516, 10.166168, 1380, 65.970146
March 01 2025 11:25:46, 52.700806, 10.494041, 1382, 65.910446
March 01 2025 11:26:46, 53.110600, 10.625076, 1385, 65.820892
March 01 2025 11:27:47, 55.472946, 10.540009, 1385, 65.820892
March 01 2025 11:28:47, 51.655293, 10.589218, 1387, 65.761192
March 01 2025 11:29:47, 51.092434, 10.389709, 1383, 65.880600
March 01 2025 11:30:47, 51.928139, 10.031128, 1386, 65.791046
March 01 2025 11:31:48, 53.680229, 9.922600, 1382, 65.910446
March 01 2025 11:32:48, 53.111458, 9.836197, 1375, 66.119400
March 01 2025 11:33:48, 53.526211, 9.739876, 1382, 65.910446
March 01 2025 11:34:48, 54.705334, 9.887314, 1379, 66.000000
March 01 2025 11:35:48, 53.821850, 10.144997, 1383, 65.880600
March 01 2025 11:36:49, 52.601242, 10.452652, 1383, 65.880600
March 01 2025 11:37:49, 51.363468, 10.590935, 1383, 65.880600
March 01 2025 11:38:49, 51.377964, 10.699654, 1386, 65.791046
March 01 2025 11:39:49, 51.549244, 11.039734, 1386, 65.791046
March 01 2025 11:40:50, 51.872253, 11.174011, 1392, 65.611938
March 01 2025 11:41:50, 49.395943, 11.308861, 1392, 65.611938
March 01 2025 11:42:50, 48.664761, 11.271286, 1392, 65.611938
March 01 2025 11:43:50, 48.591900, 11.129951, 1392, 65.611938
March 01 2025 11:44:51, 49.900055, 10.937500, 1389, 65.701492
March 01 2025 11:45:51, 51.137924, 10.905075, 1391, 65.641792
March 01 2025 11:46:51, 51.237202, 10.666466, 1387, 65.761192
March 01 2025 11:47:51, 52.399921, 10.505867, 1391, 65.641792
March 01 2025 11:48:52, 51.279163, 10.210991, 1390, 65.671638
March 01 2025 11:49:52, 51.732445, 10.087967, 1382, 65.910446
March 01 2025 11:50:52, 52.732372, 10.014343, 1380, 65.970146
March 01 2025 11:51:52, 53.073025, 9.944153, 1399, 65.402985
March 01 2025 11:52:52, 52.021217, 9.895134, 1386, 65.791046
March 01 2025 11:53:53, 53.390026, 9.737968, 1383, 65.880600
March 01 2025 11:54:53, 55.934525, 9.835052, 1382, 65.910446
March 01 2025 11:55:53, 53.561878, 9.966087, 1386, 65.791046
March 01 2025 11:56:53, 56.910133, 10.170555, 1389, 65.701492
March 01 2025 11:57:54, 52.932644, 10.193825, 1387, 65.761192
March 01 2025 11:58:54, 52.638054, 10.421753, 1390, 65.671638
March 01 2025 11:59:54, 53.094196, 10.565186, 1390, 65.671638
March 01 2025 12:00:54, 52.528381, 10.839272, 1392, 65.611938
March 01 2025 12:01:55, 51.568031, 10.822105, 1390, 65.671638
March 01 2025 12:02:55, 51.817703, 10.922241, 1393, 65.582092
March 01 2025 12:03:55, 52.362442, 11.029816, 1392, 65.611938
March 01 2025 12:04:55, 50.132942, 10.769653, 1383, 65.880600
March 01 2025 12:05:55, 51.614189, 10.565186, 1391, 65.641792
March 01 2025 12:06:56, 54.271698, 10.818672, 1392, 65.611938
March 01 2025 12:07:56, 53.364182, 11.181068, 1393, 65.582092
March 01 2025 12:08:56, 50.432205, 11.196518, 1394, 65.552238
March 01 2025 12:09:56, 50.104237, 11.191940, 1392, 65.611938
March 01 2025 12:10:57, 50.068665, 11.104202, 1392, 65.611938
March 01 2025 12:11:57, 51.561928, 11.380386, 1395, 65.522385
March 01 2025 12:12:57, 48.850632, 11.768723, 1397, 65.462685
March 01 2025 12:13:57, 48.775387, 11.796570, 1401, 65.343285
March 01 2025 12:14:58, 48.567104, 11.472702, 1395, 65.522385
March 01 2025 12:15:58, 51.233196, 11.545563, 1398, 65.432838
March 01 2025 12:16:58, 49.436378, 11.538124, 1393, 65.582092
March 01 2025 12:17:58, 49.730110, 11.406517, 1399, 65.402985
March 01 2025 12:18:59, 47.189713, 11.248589, 1397, 65.462685
March 01 2025 12:19:59, 50.943565, 11.549759, 1396, 65.492538
March 01 2025 12:20:59, 49.871159, 11.670876, 1397, 65.462685
March 01 2025 12:21:59, 48.474693, 11.868668, 1401, 65.343285
March 01 2025 12:22:59, 48.570538, 11.781693, 1395, 65.522385
March 01 2025 12:24:00, 48.531342, 11.798286, 1399, 65.402985
March 01 2025 12:25:00, 47.851944, 11.758995, 1397, 65.462685
March 01 2025 12:26:00, 48.521614, 11.592674, 1398, 65.432838
March 01 2025 12:27:00, 49.537277, 11.643982, 1398, 65.432838
March 01 2025 12:28:01, 48.432350, 11.928749, 1402, 65.313431
March 01 2025 12:29:01, 47.967911, 11.961174, 1402, 65.313431
March 01 2025 12:30:01, 48.114586, 11.898422, 1397, 65.462685
March 01 2025 12:31:01, 46.988010, 12.183571, 1486, 62.805969
March 01 2025 12:33:05, 51.606178, 11.625481, 1407, 65.164177
March 01 2025 12:34:06, 49.738503, 11.933327, 1391, 65.641792
March 01 2025 12:35:06, 49.277878, 12.066269, 1398, 65.432838
March 01 2025 12:36:06, 49.387455, 12.047577, 1393, 65.582092
March 01 2025 12:37:06, 48.069859, 12.168121, 1397, 65.462685
March 01 2025 12:38:06, 47.026539, 12.349892, 1395, 65.522385
March 01 2025 12:39:07, 47.507572, 12.122154, 1406, 65.194031
March 01 2025 12:40:07, 46.819305, 11.984253, 1393, 65.582092
March 01 2025 12:41:07, 48.581696, 11.991882, 1394, 65.552238
March 01 2025 12:42:07, 46.503925, 12.105751, 1402, 65.313431
March 01 2025 12:43:08, 47.262478, 12.245941, 1401, 65.343285
March 01 2025 12:44:08, 47.085381, 12.481689, 1401, 65.343285
March 01 2025 12:45:08, 46.182632, 12.203026, 1398, 65.432838
March 01 2025 12:46:08, 47.519684, 11.748886, 1401, 65.343285
March 01 2025 12:47:09, 46.959877, 11.953735, 1399, 65.402985
March 01 2025 12:48:09, 47.704220, 12.355995, 1398, 65.432838
March 01 2025 12:49:09, 48.751163, 12.318993, 1403, 65.283585
March 01 2025 12:50:09, 48.839283, 12.434578, 1403, 65.283585
March 01 2025 12:51:09, 45.627975, 12.789154, 1403, 65.283585
March 01 2025 12:52:10, 45.781422, 12.731361, 1407, 65.164177
March 01 2025 12:53:10, 47.423458, 12.627029, 1408, 65.134331
March 01 2025 12:54:10, 47.103691, 12.007713, 1403, 65.283585
March 01 2025 12:55:10, 49.645615, 11.716270, 1402, 65.313431
March 01 2025 12:56:11, 50.407982, 11.533928, 1401, 65.343285
March 01 2025 12:57:11, 49.396896, 11.346245, 1395, 65.522385
March 01 2025 12:58:11, 50.153732, 11.636162, 1402, 65.313431
March 01 2025 12:59:11, 48.890686, 11.916161, 1403, 65.283585
March 01 2025 13:00:12, 47.932720, 12.297249, 1408, 65.134331
March 01 2025 13:01:12, 46.669388, 12.772751, 1403, 65.283585
March 01 2025 13:02:12, 48.791122, 12.922859, 1408, 65.134331
March 01 2025 13:03:12, 47.385883, 12.975502, 1408, 65.134331
March 01 2025 13:04:13, 46.687603, 12.947464, 1415, 64.925377
March 01 2025 13:05:13, 46.588039, 12.596703, 1408, 65.134331
March 01 2025 13:06:13, 48.883820, 12.578392, 1412, 65.014923
March 01 2025 13:07:13, 48.173141, 12.537766, 1413, 64.985077
March 01 2025 13:08:13, 47.546005, 12.419891, 1411, 65.044777
March 01 2025 13:09:14, 49.226189, 12.436104, 1408, 65.134331
March 01 2025 13:10:14, 48.245811, 12.325668, 1415, 64.925377
March 01 2025 13:11:14, 47.897148, 12.118149, 1410, 65.074623
March 01 2025 13:12:14, 49.681664, 12.565994, 1410, 65.074623
March 01 2025 13:13:15, 48.507309, 12.723732, 1413, 64.985077
March 01 2025 13:14:15, 47.111702, 12.295532, 1414, 64.955223
March 01 2025 13:15:15, 47.419262, 11.901283, 1408, 65.134331
March 01 2025 13:16:15, 48.160362, 11.721420, 1411, 65.044777
March 01 2025 13:17:16, 48.896313, 12.215614, 1411, 65.044777
March 01 2025 13:18:16, 48.039532, 12.344170, 1410, 65.074623
March 01 2025 13:19:16, 48.234367, 12.288666, 1407, 65.164177
March 01 2025 13:20:16, 49.148369, 12.208557, 1409, 65.104477
March 01 2025 13:21:17, 49.843311, 12.213135, 1412, 65.014923
March 01 2025 13:22:17, 49.522591, 12.126541, 1408, 65.134331
March 01 2025 13:23:17, 50.240898, 12.246704, 1406, 65.194031
March 01 2025 13:24:17, 52.050304, 12.497902, 1411, 65.044777
March 01 2025 13:25:17, 51.653481, 12.728500, 1425, 64.626869
March 01 2025 13:26:18, 48.259640, 12.669373, 1419, 64.805969
March 01 2025 13:27:18, 48.105907, 12.347984, 1421, 64.746269
March 01 2025 13:28:18, 49.581623, 12.258720, 1415, 64.925377
March 01 2025 13:29:18, 47.482586, 12.137413, 1420, 64.776123
March 01 2025 13:30:19, 47.037888, 11.945152, 1417, 64.865669
March 01 2025 13:31:19, 48.452759, 12.172699, 1413, 64.985077
March 01 2025 13:32:19, 46.057796, 12.740707, 1419, 64.805969
March 01 2025 13:33:19, 46.834946, 12.852478, 1406, 65.194031
March 01 2025 13:34:20, 47.118092, 13.075256, 1408, 65.134331
March 01 2025 13:35:20, 47.629356, 13.063812, 1410, 65.074623
March 01 2025 13:36:20, 50.130367, 13.092995, 1419, 64.805969
March 01 2025 13:37:20, 47.082615, 12.961197, 1419, 64.805969
March 01 2025 13:38:20, 46.159744, 12.987900, 1425, 64.626869
March 01 2025 13:39:21, 44.577122, 13.384056, 1419, 64.805969
March 01 2025 13:40:21, 45.346451, 13.078880, 1422, 64.716415
March 01 2025 13:41:21, 44.998360, 12.629128, 1413, 64.985077
March 01 2025 13:42:21, 45.617008, 12.455750, 1414, 64.955223
March 01 2025 13:43:22, 44.539356, 12.220192, 1421, 64.746269
March 01 2025 13:44:22, 46.207047, 11.785507, 1414, 64.955223
March 01 2025 13:45:22, 46.201801, 11.703873, 1421, 64.746269
March 01 2025 13:46:22, 47.899055, 11.796379, 1401, 65.343285
March 01 2025 13:47:23, 47.248650, 11.792946, 1411, 65.044777
March 01 2025 13:48:23, 44.603443, 11.890984, 1408, 65.134331
March 01 2025 13:49:23, 45.922089, 11.776161, 1413, 64.985077
March 01 2025 13:50:23, 45.018959, 11.692047, 1405, 65.223877
March 01 2025 13:51:24, 47.243309, 11.635590, 1413, 64.985077
March 01 2025 13:52:24, 47.388935, 11.532211, 1414, 64.955223
March 01 2025 13:53:24, 47.027493, 11.412430, 1412, 65.014923
March 01 2025 13:54:24, 47.966671, 11.446953, 1430, 64.477615
March 01 2025 13:55:24, 47.483444, 11.673355, 1411, 65.044777
March 01 2025 13:56:25, 48.321152, 11.786652, 1404, 65.253731
March 01 2025 13:57:25, 47.169590, 11.816216, 1419, 64.805969
March 01 2025 13:58:25, 45.185280, 11.679840, 1415, 64.925377
March 01 2025 13:59:25, 46.647644, 11.755180, 1413, 64.985077
March 01 2025 14:00:26, 47.504616, 12.111282, 1422, 64.716415
March 01 2025 14:01:26, 49.160576, 12.370682, 1417, 64.865669
March 01 2025 14:02:26, 45.845890, 12.546730, 1423, 64.686569
March 01 2025 14:03:26, 46.143246, 12.949944, 1424, 64.656715
March 01 2025 14:04:27, 49.984741, 13.012314, 1427, 64.567162
March 01 2025 14:05:27, 48.219299, 12.901878, 1434, 64.358208
March 01 2025 14:06:27, 44.204617, 12.753487, 1439, 64.208954
March 01 2025 14:07:27, 43.685246, 12.858963, 1431, 64.447762
March 01 2025 14:08:27, 44.346333, 12.581444, 1435, 64.328362
March 01 2025 14:09:28, 46.969795, 12.994576, 1434, 64.358208
March 01 2025 14:10:28, 44.988728, 12.906265, 1446, 64.000000
March 01 2025 14:11:28, 43.882179, 13.243484, 1441, 64.149254
March 01 2025 14:12:28, 44.954205, 13.462257, 1447, 63.970150
March 01 2025 14:13:29, 44.027042, 13.785553, 1449, 63.910446
March 01 2025 14:14:29, 46.661091, 13.681793, 1448, 63.940300
March 01 2025 14:15:29, 47.026920, 13.671112, 1456, 63.701492
March 01 2025 14:16:29, 44.468212, 13.597870, 1456, 63.701492
March 01 2025 14:17:30, 43.538952, 13.432693, 1456, 63.701492
March 01 2025 14:18:30, 44.255543, 13.220215, 1457, 63.671642
March 01 2025 14:19:30, 44.536591, 12.997627, 1463, 63.492538
March 01 2025 14:20:30, 46.275902, 13.039589, 1492, 62.626865
March 01 2025 14:21:31, 44.702339, 13.038254, 1516, 61.910446
March 01 2025 14:22:31, 44.443893, 12.763786, 1535, 61.343285
March 01 2025 14:23:31, 44.433308, 12.835693, 1578, 60.059700
March 01 2025 14:24:31, 44.252300, 13.061142, 1600, 59.402985
March 01 2025 14:25:31, 42.721653, 13.504028, 1622, 58.746269
March 01 2025 14:26:32, 43.900299, 13.513565, 1642, 58.149254
March 01 2025 14:27:32, 44.826317, 13.140678, 1641, 58.179104
March 01 2025 14:28:32, 43.671417, 13.028336, 1648, 57.970150
March 01 2025 14:29:32, 44.478226, 13.413239, 1661, 57.582088
March 01 2025 14:30:33, 44.455242, 13.700867, 1665, 57.462688
March 01 2025 14:31:33, 44.590759, 13.482666, 1651, 57.880596
March 01 2025 14:32:33, 40.955734, 13.890648, 1665, 57.462688
March 01 2025 14:33:33, 41.031551, 14.084435, 1671, 57.283581
March 01 2025 14:34:34, 39.864349, 13.793373, 1671, 57.283581
March 01 2025 14:35:34, 41.178513, 13.645172, 1677, 57.104477
March 01 2025 14:36:34, 42.083549, 13.662148, 1679, 57.044777
March 01 2025 14:37:34, 42.029667, 13.879776, 1686, 56.835819
March 01 2025 14:38:35, 41.458702, 13.714218, 1697, 56.507462
March 01 2025 14:39:35, 42.639732, 13.516235, 1694, 56.597015
March 01 2025 14:40:35, 42.260742, 13.485336, 1694, 56.597015
March 01 2025 14:41:35, 42.793560, 13.219070, 1694, 56.597015
March 01 2025 14:42:35, 44.354630, 13.116455, 1695, 56.567165
March 01 2025 14:43:36, 45.199871, 13.260651, 1694, 56.597015
March 01 2025 14:44:36, 41.589165, 12.948799, 1671, 57.283581
March 01 2025 14:45:36, 40.861893, 12.835693, 1679, 57.044777
March 01 2025 14:46:36, 42.364025, 12.860489, 1681, 56.985073
March 01 2025 14:47:37, 43.302441, 12.986755, 1687, 56.805969
March 01 2025 14:48:37, 48.467350, 13.132286, 1692, 56.656715
March 01 2025 14:49:37, 42.561626, 13.511467, 1696, 56.537312
March 01 2025 14:50:37, 40.971184, 13.793373, 1685, 56.865673
March 01 2025 14:51:38, 39.280033, 13.631821, 1694, 56.597015
March 01 2025 14:52:38, 38.848209, 14.053345, 1690, 56.716419
March 01 2025 14:53:38, 39.844894, 14.043427, 1697, 56.507462
March 01 2025 14:54:38, 38.379002, 14.310455, 1694, 56.597015
March 01 2025 14:55:38, 37.529373, 13.900185, 1696, 56.537312
March 01 2025 14:56:39, 38.854790, 13.930130, 1704, 56.298508
March 01 2025 14:57:39, 44.750690, 13.970375, 1701, 56.388062
March 01 2025 14:58:39, 43.855286, 14.011002, 1709, 56.149254
March 01 2025 14:59:39, 39.926815, 13.582993, 1697, 56.507462
March 01 2025 15:00:40, 40.343285, 13.270760, 1682, 56.955223
March 01 2025 15:01:40, 38.628197, 12.924767, 1679, 57.044777
March 01 2025 15:02:40, 40.032673, 12.696648, 1668, 57.373135
March 01 2025 15:03:40, 40.375328, 12.521935, 1674, 57.194031
March 01 2025 15:04:41, 42.321587, 12.551308, 1669, 57.343285
March 01 2025 15:05:41, 41.532898, 12.743759, 1677, 57.104477
March 01 2025 15:06:41, 42.023087, 12.940979, 1677, 57.104477
March 01 2025 15:07:41, 41.788960, 13.088799, 1679, 57.044777
March 01 2025 15:08:42, 40.910530, 13.061333, 1682, 56.955223
March 01 2025 15:09:42, 39.707947, 12.894630, 1687, 56.805969
March 01 2025 15:10:42, 39.935017, 12.792587, 1683, 56.925373
March 01 2025 15:11:42, 40.413570, 12.818336, 1686, 56.835819
March 01 2025 15:12:42, 41.442108, 12.905693, 1693, 56.626865
March 01 2025 15:13:43, 41.199207, 13.147736, 1697, 56.507462
March 01 2025 15:14:43, 45.920563, 13.329315, 1698, 56.477612
March 01 2025 15:15:43, 42.439747, 13.620377, 1700, 56.417912
March 01 2025 15:16:43, 41.116619, 13.644981, 1707, 56.208954
March 01 2025 15:17:44, 42.155838, 13.710403, 1703, 56.328358
March 01 2025 15:18:44, 38.936520, 13.778305, 1705, 56.268658
March 01 2025 15:19:44, 40.981007, 13.613510, 1702, 56.358208
March 01 2025 15:20:44, 43.180847, 13.830948, 1685, 56.865673
March 01 2025 15:21:45, 43.706322, 13.955307, 1707, 56.208954
March 01 2025 15:22:45, 44.112015, 13.881874, 1710, 56.119404
March 01 2025 15:23:45, 42.734432, 13.820267, 1705, 56.268658
March 01 2025 15:24:45, 40.871429, 13.483047, 1688, 56.776119
March 01 2025 15:25:46, 40.327549, 13.043785, 1680, 57.014927
March 01 2025 15:26:46, 41.064835, 12.781906, 1667, 57.402985
March 01 2025 15:27:46, 43.868637, 12.657928, 1662, 57.552238
March 01 2025 15:28:46, 42.567730, 12.555885, 1658, 57.671642
March 01 2025 15:29:46, 42.400074, 12.462997, 1655, 57.761192
March 01 2025 15:30:47, 45.182610, 12.706947, 1662, 57.552238
March 01 2025 15:31:47, 42.905235, 12.681198, 1665, 57.462688
March 01 2025 15:32:47, 42.996979, 12.929726, 1673, 57.223881
March 01 2025 15:33:47, 41.765785, 12.972641, 1675, 57.164181
March 01 2025 15:34:48, 43.004608, 12.821960, 1671, 57.283581
March 01 2025 15:35:48, 41.337490, 12.960434, 1674, 57.194031
March 01 2025 15:36:48, 40.300465, 13.269043, 1673, 57.223881
March 01 2025 15:37:48, 40.257549, 13.248825, 1673, 57.223881
March 01 2025 15:38:49, 41.317177, 13.462639, 1671, 57.283581
March 01 2025 15:39:49, 42.308331, 13.728333, 1684, 56.895523
March 01 2025 15:40:49, 41.130161, 13.921356, 1671, 57.283581
March 01 2025 15:41:49, 38.983917, 14.243698, 1672, 57.253731
March 01 2025 15:42:49, 39.301872, 13.991737, 1667, 57.402985
March 01 2025 15:43:50, 39.535141, 14.001656, 1668, 57.373135
March 01 2025 15:44:50, 40.185356, 14.161873, 1655, 57.761192
March 01 2025 15:45:50, 42.177582, 14.445305, 1666, 57.432835
March 01 2025 15:46:50, 40.281010, 14.652061, 1645, 58.059700
March 01 2025 15:47:51, 38.104820, 14.821434, 1631, 58.477612
March 01 2025 15:48:51, 37.362289, 14.595413, 1641, 58.179104
March 01 2025 15:49:51, 38.191700, 14.349937, 1645, 58.059700
March 01 2025 15:50:51, 38.921070, 14.460564, 1648, 57.970150
March 01 2025 15:51:52, 39.451218, 14.248657, 1648, 57.970150
March 01 2025 15:52:52, 40.220642, 14.026833, 1646, 58.029850
March 01 2025 15:53:52, 40.855026, 13.639641, 1633, 58.417912
March 01 2025 15:54:52, 40.769863, 13.317299, 1638, 58.268658
March 01 2025 15:55:53, 43.016243, 13.303947, 1619, 58.835819
March 01 2025 15:56:53, 41.276550, 13.312721, 1593, 59.611938
March 01 2025 15:57:53, 40.978527, 13.484001, 1596, 59.522388
March 01 2025 15:58:53, 40.712929, 13.749313, 1588, 59.761192
March 01 2025 15:59:53, 40.805817, 13.932419, 1581, 59.970150
March 01 2025 16:00:54, 40.994930, 13.948631, 1583, 59.910446
March 01 2025 16:01:54, 39.780998, 14.105797, 1568, 60.358208
March 01 2025 16:02:54, 39.561749, 13.937569, 1552, 60.835819
March 01 2025 16:03:54, 40.659809, 13.840485, 1535, 61.343285
March 01 2025 16:04:55, 41.062069, 13.989258, 1535, 61.343285
March 01 2025 16:05:55, 39.913940, 14.057159, 1530, 61.492538
March 01 2025 16:06:55, 40.283012, 14.170456, 1530, 61.492538
March 01 2025 16:07:55, 41.578770, 14.296913, 1534, 61.373135
March 01 2025 16:08:56, 40.725708, 14.028740, 1520, 61.791046
March 01 2025 16:09:56, 41.545486, 14.083862, 1514, 61.970150
March 01 2025 16:10:56, 38.706589, 14.311981, 1515, 61.940300
March 01 2025 16:11:56, 39.516354, 14.307404, 1510, 62.089554
March 01 2025 16:12:57, 40.099144, 14.314842, 1507, 62.179104
March 01 2025 16:13:57, 39.810848, 14.283371, 1518, 61.850746
March 01 2025 16:14:57, 40.395927, 14.293671, 1506, 62.208954
March 01 2025 16:15:57, 39.854813, 14.340973, 1505, 62.238808
March 01 2025 16:16:57, 40.818310, 14.689827, 1514, 61.970150
March 01 2025 16:17:58, 37.678528, 15.094757, 1507, 62.179104
March 01 2025 16:18:58, 34.671307, 15.788269, 1489, 62.716419
March 01 2025 16:19:58, 35.407448, 15.243149, 1488, 62.746269
March 01 2025 16:20:58, 36.387253, 15.105438, 1486, 62.805969
March 01 2025 16:21:59, 36.584759, 14.776421, 1481, 62.955223
March 01 2025 16:22:59, 37.526226, 14.849854, 1485, 62.835819
March 01 2025 16:23:59, 36.911392, 14.704895, 1479, 63.014927
March 01 2025 16:24:59, 38.126278, 14.104080, 1488, 62.746269
March 01 2025 16:26:00, 38.585949, 14.057350, 1485, 62.835819
March 01 2025 16:27:00, 38.702679, 14.173508, 1485, 62.835819
March 01 2025 16:28:00, 40.728283, 14.120674, 1482, 62.925373
March 01 2025 16:29:00, 39.874554, 14.299011, 1479, 63.014927
March 01 2025 16:30:00, 38.226795, 14.441872, 1471, 63.253731
March 01 2025 16:31:01, 37.576103, 14.852905, 1472, 63.223881
March 01 2025 16:32:01, 38.124466, 15.318298, 1482, 62.925373
March 01 2025 16:33:01, 36.604786, 15.560532, 1493, 62.597015
March 01 2025 16:34:01, 35.834885, 15.854263, 1491, 62.656715
March 01 2025 16:35:02, 35.863590, 15.356255, 1493, 62.597015
March 01 2025 16:36:02, 36.074638, 14.914131, 1495, 62.537312
March 01 2025 16:37:02, 37.662792, 14.266586, 1479, 63.014927
March 01 2025 16:38:02, 39.116573, 14.021301, 1471, 63.253731
March 01 2025 16:39:03, 39.533710, 13.929749, 1466, 63.402985
March 01 2025 16:40:03, 38.714886, 13.959503, 1463, 63.492538
March 01 2025 16:41:03, 38.556194, 14.123535, 1456, 63.701492
March 01 2025 16:42:03, 39.914703, 13.611984, 1454, 63.761192
March 01 2025 16:43:04, 39.233017, 13.596535, 1455, 63.731342
March 01 2025 16:44:04, 38.498211, 13.759232, 1449, 63.910446
March 01 2025 16:45:04, 37.973309, 13.948441, 1456, 63.701492
March 01 2025 16:46:04, 37.884235, 13.864899, 1463, 63.492538
March 01 2025 16:47:04, 37.606621, 14.033890, 1454, 63.761192
March 01 2025 16:48:05, 38.244057, 14.111328, 1453, 63.791046
March 01 2025 16:49:05, 38.400173, 13.872910, 1446, 64.000000
March 01 2025 16:50:05, 39.563370, 13.555336, 1458, 63.641792
March 01 2025 16:51:05, 38.998413, 13.751221, 1456, 63.701492
March 01 2025 16:52:06, 38.962555, 13.689232, 1457, 63.671642
March 01 2025 16:53:06, 39.607811, 13.511467, 1456, 63.701492
March 01 2025 16:54:06, 39.622974, 13.389397, 1453, 63.791046
March 01 2025 16:55:06, 39.533901, 13.549423, 1447, 63.970150
March 01 2025 16:56:07, 39.112949, 13.977242, 1442, 64.119400
March 01 2025 16:57:07, 37.893391, 14.200592, 1435, 64.328362
March 01 2025 16:58:07, 38.260555, 13.973808, 1425, 64.626869
March 01 2025 16:59:07, 38.282108, 13.994026, 1427, 64.567162
March 01 2025 17:00:08, 37.341690, 14.275742, 1424, 64.656715
March 01 2025 17:01:08, 38.440323, 14.089584, 1435, 64.328362
March 01 2025 17:02:08, 39.054108, 13.907623, 1433, 64.388062
March 01 2025 17:03:08, 39.595413, 13.751984, 1443, 64.089554
March 01 2025 17:04:08, 39.961338, 13.615990, 1444, 64.059700
March 01 2025 17:05:09, 41.140747, 14.059258, 1451, 63.850746
